0 0.542792 0.507160 0.032468 0.095750
0 0.898904 0.570715 0.076485 0.219498
0 0.480660 0.511622 0.031522 0.104881
0 0.500718 0.506090 0.026458 0.106626
0 0.423454 0.497713 0.022638 0.070073
0 0.581563 0.524449 0.031028 0.112562
0 0.691331 0.504044 0.032202 0.074494
0 0.385174 0.501337 0.023111 0.059105
0 0.740762 0.505742 0.035030 0.093263
0 0.863754 0.526315 0.034514 0.136109
0 0.834650 0.501949 0.030442 0.082985
0 0.759860 0.511557 0.019065 0.085872
0 0.604180 0.523503 0.029373 0.111381
0 0.664789 0.493959 0.013652 0.057887