0 0.806457 0.705140 0.096493 0.110038
0 0.963097 0.704760 0.070682 0.108667
0 0.596521 0.708430 0.089043 0.102187
0 0.184024 0.702710 0.081622 0.107712
0 0.325001 0.724293 0.137262 0.073892
0 0.680961 0.740693 0.064588 0.038094
0 0.088725 0.701900 0.094496 0.115072
0 0.700067 0.705613 0.093165 0.100784
0 0.458851 0.706053 0.067341 0.103029
0 0.931897 0.680124 0.049101 0.075144
0 0.340524 0.675003 0.063957 0.082181
0 0.272979 0.677412 0.064145 0.088183
0 0.416365 0.676100 0.051032 0.064496
0 0.128088 0.683375 0.035655 0.084661