0 0.390951 0.554517 0.085245 0.176138
0 0.164958 0.554391 0.088762 0.199429
0 0.862837 0.570244 0.068263 0.195876
0 0.918910 0.561723 0.065028 0.193902
0 0.763957 0.575225 0.058125 0.172684
0 0.226720 0.552070 0.056635 0.189751
0 0.659727 0.542385 0.057360 0.145424
0 0.278937 0.549411 0.061416 0.171565
0 0.957909 0.560311 0.046786 0.182119
0 0.450665 0.504329 0.036474 0.096646
0 0.723232 0.551239 0.043521 0.132557
0 0.816926 0.553164 0.039988 0.139597
0 0.600765 0.486140 0.026566 0.068928
0 0.038522 0.495945 0.054243 0.078408
0 0.089580 0.545861 0.048925 0.170056
0 0.631698 0.482019 0.025384 0.070700