0 0.050492 0.740543 0.100810 0.118048
0 0.926071 0.714780 0.126017 0.163694
0 0.205454 0.701950 0.074284 0.196329
0 0.568725 0.708480 0.078723 0.167624
0 0.467857 0.736364 0.103890 0.123456
0 0.096160 0.668456 0.063878 0.147167
0 0.360358 0.723293 0.096224 0.150659
0 0.743860 0.637566 0.025546 0.074967
0 0.720359 0.637637 0.037495 0.095948
0 0.142523 0.632622 0.043903 0.114797
0 0.497547 0.616419 0.033560 0.090867
0 0.406072 0.601911 0.030314 0.085021
0 0.028186 0.675308 0.056210 0.103939
0 0.643550 0.661406 0.048368 0.105376
0 0.322279 0.658509 0.053151 0.136077
0 0.375547 0.604805 0.032637 0.087071
0 0.549087 0.608953 0.022828 0.070963
0 0.653449 0.622519 0.037922 0.081133