0 0.849247 0.559861 0.223847 0.311739
0 0.200749 0.642772 0.242537 0.308474
0 0.359755 0.551333 0.132878 0.197380
0 0.120077 0.482169 0.160342 0.297894
0 0.746588 0.635166 0.199743 0.304174
0 0.135994 0.533168 0.119996 0.198219
0 0.611392 0.576905 0.087781 0.209753
0 0.484388 0.553062 0.118497 0.182012
0 0.434667 0.458662 0.085703 0.173711
0 0.675833 0.415101 0.087778 0.156715
0 0.737350 0.463240 0.079119 0.157469
0 0.414487 0.349298 0.086718 0.147458
0 0.339700 0.342327 0.077059 0.155928
0 0.229614 0.431385 0.081478 0.149971
0 0.365647 0.441503 0.080201 0.121485