0 0.589004 0.548346 0.217073 0.558602
0 0.336278 0.559807 0.243241 0.538571
0 0.060091 0.525130 0.119782 0.513156
0 0.905963 0.543427 0.184949 0.503363
0 0.468139 0.502736 0.167163 0.554409
0 0.734148 0.538473 0.163924 0.519207
0 0.132382 0.484485 0.158364 0.525103
0 0.351282 0.302231 0.133510 0.142100
0 0.752788 0.330372 0.163197 0.232866
0 0.641852 0.320553 0.074495 0.135755
0 0.253244 0.374459 0.120130 0.251451
0 0.954339 0.367470 0.088198 0.205687
0 0.817061 0.350161 0.103009 0.145037
0 0.581113 0.257032 0.051584 0.043115