0 0.355858 0.531390 0.110567 0.252278
0 0.771056 0.536743 0.083056 0.221828
0 0.226985 0.557118 0.087971 0.279711
0 0.462047 0.491560 0.046144 0.139847
0 0.659973 0.480422 0.051058 0.141945
0 0.554509 0.527127 0.073466 0.235362
0 0.944493 0.519007 0.075122 0.235951
0 0.712767 0.507144 0.067362 0.204935
0 0.876397 0.504659 0.078431 0.209365
0 0.031420 0.548968 0.062833 0.251420
0 0.075075 0.516017 0.062788 0.152926
0 0.308232 0.505692 0.062226 0.158977
0 0.107929 0.502366 0.043974 0.140953
0 0.815843 0.485249 0.042873 0.148163
0 0.525045 0.502891 0.046191 0.152094
0 0.613638 0.474389 0.051561 0.133259
0 0.404008 0.506570 0.050235 0.198714
0 0.192876 0.503137 0.043676 0.163226
0 0.146997 0.487886 0.038801 0.112726