0 0.271192 0.512900 0.082184 0.269014
0 0.918378 0.486356 0.110433 0.304317
0 0.205070 0.524034 0.084924 0.272392
0 0.581275 0.498295 0.088641 0.266762
0 0.486394 0.481688 0.072965 0.250708
0 0.419876 0.503743 0.090501 0.262675
0 0.129853 0.509083 0.098325 0.241483
0 0.798089 0.485857 0.061159 0.249472
0 0.979370 0.467615 0.038134 0.285735
0 0.746335 0.486801 0.103230 0.267979
0 0.679511 0.406400 0.030731 0.100565
0 0.329586 0.501268 0.086740 0.252107
0 0.615724 0.459261 0.073701 0.329091
0 0.379766 0.489860 0.061551 0.222781
0 0.699965 0.483427 0.054984 0.225982
0 0.208458 0.413571 0.051344 0.072707