0 0.245857 0.679315 0.111923 0.298772
0 0.122436 0.684047 0.122682 0.291960
0 0.613731 0.628630 0.069855 0.219385
0 0.833093 0.591106 0.065940 0.182965
0 0.374502 0.651141 0.079687 0.294101
0 0.659688 0.615737 0.059628 0.206726
0 0.313896 0.653633 0.065927 0.281103
0 0.435354 0.651241 0.082379 0.253917
0 0.520687 0.635418 0.095927 0.239172
0 0.709761 0.605972 0.061741 0.199640
0 0.788696 0.596670 0.056782 0.176800
0 0.575591 0.624958 0.049278 0.215826
0 0.748162 0.602401 0.046507 0.180985
0 0.025152 0.690378 0.049605 0.272832
0 0.153923 0.619044 0.061929 0.183907