0 0.923215 0.539161 0.150444 0.643537
0 0.688497 0.324764 0.156429 0.215488
0 0.085018 0.566999 0.169449 0.596792
0 0.812087 0.370563 0.122527 0.124103
0 0.399996 0.358110 0.099951 0.126979
0 0.691792 0.720313 0.092822 0.151637
0 0.459846 0.719400 0.081149 0.160646
0 0.229365 0.500219 0.119084 0.406018
0 0.473718 0.349644 0.117964 0.154025
0 0.399390 0.514402 0.097385 0.450193
0 0.226504 0.356035 0.114502 0.116222
0 0.470470 0.529509 0.125694 0.514892
0 0.800084 0.684185 0.072955 0.075347
0 0.686229 0.516883 0.157063 0.599038