0 0.341045 0.673409 0.277689 0.311996
0 0.271167 0.455855 0.169642 0.197442
0 0.062187 0.482337 0.123872 0.296993
0 0.474830 0.652478 0.195293 0.353803
0 0.379108 0.341458 0.120622 0.275181
0 0.509731 0.585384 0.321093 0.477486
0 0.675784 0.505024 0.313479 0.356468
0 0.459669 0.290541 0.053258 0.130999
0 0.959448 0.376938 0.077979 0.185442
0 0.695973 0.261897 0.045954 0.087237
0 0.196359 0.338897 0.063671 0.107980
0 0.619615 0.250744 0.041726 0.065708
0 0.063840 0.362088 0.093115 0.084039
0 0.588528 0.311355 0.081175 0.177600
0 0.446687 0.481912 0.193419 0.268750