0 0.181547 0.561529 0.075102 0.129074
0 0.194036 0.696294 0.085336 0.122640
0 0.522300 0.747321 0.094800 0.122124
0 0.301848 0.628939 0.057075 0.131676
0 0.489773 0.602286 0.084127 0.148176
0 0.781392 0.727498 0.061974 0.142092
0 0.412188 0.712748 0.075637 0.134235
0 0.364698 0.600003 0.068023 0.119840
0 0.718076 0.686159 0.059235 0.143659
0 0.030694 0.733470 0.053344 0.074942
0 0.762977 0.542282 0.050099 0.117093
0 0.600837 0.559139 0.068347 0.119155
0 0.976090 0.593377 0.044695 0.121204
0 0.959657 0.557052 0.045056 0.104250
0 0.447984 0.549243 0.055283 0.109480
0 0.901999 0.760359 0.084227 0.140144
0 0.623792 0.602175 0.051852 0.114107