0 0.164106 0.696056 0.135209 0.170306
0 0.611168 0.708915 0.110093 0.143996
0 0.971511 0.733922 0.053852 0.088622
0 0.712748 0.709976 0.126745 0.140914
0 0.815825 0.671767 0.057077 0.167324
0 0.226312 0.683882 0.051486 0.148225
0 0.135936 0.630772 0.055416 0.101686
0 0.538395 0.712036 0.072410 0.138143
0 0.773479 0.663324 0.047627 0.180062
0 0.364044 0.601745 0.032909 0.103182
0 0.644104 0.667992 0.065331 0.176447
0 0.334500 0.600973 0.031162 0.097119
0 0.387948 0.604182 0.029881 0.097549
0 0.185081 0.619048 0.047021 0.095206
0 0.205463 0.596484 0.031405 0.055441