0 0.431341 0.671805 0.344539 0.295579
0 0.867963 0.687723 0.260950 0.282105
0 0.656690 0.676826 0.217368 0.307454
0 0.075056 0.716402 0.149152 0.224405
0 0.211986 0.625715 0.202686 0.406703
0 0.451821 0.474907 0.178314 0.262348
0 0.587390 0.556840 0.181840 0.222222
0 0.039458 0.535040 0.078444 0.143997
0 0.811424 0.623671 0.198210 0.391558
0 0.107388 0.533440 0.110787 0.172620
0 0.385582 0.786120 0.265335 0.092439
0 0.308173 0.514120 0.151676 0.168274
0 0.917961 0.503507 0.160954 0.117346
0 0.251668 0.478398 0.049896 0.093425
0 0.560913 0.500337 0.132062 0.150751