0 0.330788 0.483683 0.117875 0.316047
0 0.506668 0.519353 0.107368 0.239415
0 0.627007 0.719532 0.048634 0.124006
0 0.250578 0.723362 0.060696 0.115635
0 0.777867 0.717273 0.043721 0.127745
0 0.849537 0.710496 0.047162 0.141355
0 0.309889 0.729182 0.052806 0.104506
0 0.415428 0.722984 0.043413 0.115391
0 0.695151 0.715291 0.050921 0.134150
0 0.730049 0.710623 0.036630 0.114592
0 0.158096 0.717249 0.030829 0.095073
0 0.027189 0.705581 0.023630 0.058063
0 0.820283 0.711114 0.033178 0.132769
0 0.377915 0.724693 0.042841 0.113103
0 0.907921 0.712965 0.040759 0.136472
0 0.513916 0.718869 0.038858 0.126624
0 0.574217 0.713966 0.041039 0.107766
0 0.185127 0.721163 0.032208 0.098450
0 0.445151 0.722301 0.034773 0.116937
0 0.472206 0.722722 0.041889 0.118947
0 0.343041 0.724458 0.032655 0.110979
0 0.541638 0.708010 0.025240 0.095440