0 0.815916 0.695734 0.191275 0.264477
0 0.929850 0.682377 0.137176 0.294400
0 0.295401 0.675405 0.124829 0.307158
0 0.564233 0.658430 0.154733 0.337699
0 0.050645 0.693932 0.101020 0.270449
0 0.421975 0.662354 0.151527 0.334115
0 0.167425 0.662476 0.155758 0.332693
0 0.679399 0.671226 0.119415 0.315288
0 0.831536 0.553065 0.129865 0.188981
0 0.067896 0.560354 0.135791 0.191975
0 0.743635 0.565074 0.083856 0.173740
0 0.238852 0.543481 0.080105 0.140757
0 0.351739 0.526112 0.093632 0.172384
0 0.434292 0.439726 0.111446 0.162440
0 0.614610 0.513242 0.084618 0.164398
0 0.788934 0.487955 0.056236 0.114399
0 0.130207 0.481523 0.094111 0.146570