0 0.037097 0.759229 0.057231 0.130679
0 0.152984 0.761549 0.064858 0.125757
0 0.086143 0.751462 0.053988 0.141781
0 0.565353 0.746326 0.065090 0.155944
0 0.629773 0.751898 0.063785 0.145594
0 0.228547 0.731335 0.035127 0.104022
0 0.789875 0.747227 0.040130 0.130119
0 0.693222 0.747296 0.042774 0.140884
0 0.475557 0.683198 0.043016 0.081934
0 0.817093 0.762700 0.027915 0.090219
0 0.921651 0.749666 0.047541 0.116996
0 0.865382 0.747736 0.039987 0.108939
0 0.953272 0.755113 0.037074 0.105642
0 0.663360 0.752483 0.033429 0.135929