0 0.829459 0.664787 0.176125 0.472283
0 0.339263 0.659840 0.187380 0.480836
0 0.588074 0.653471 0.162171 0.496034
0 0.480241 0.630172 0.144378 0.539629
0 0.204889 0.624422 0.167606 0.552644
0 0.950813 0.671336 0.095248 0.459279
0 0.089256 0.675038 0.163897 0.448974
0 0.742576 0.654169 0.134485 0.494894
0 0.039903 0.647832 0.079229 0.486749
0 0.146115 0.406745 0.091811 0.089888
0 0.323658 0.393285 0.132472 0.155906
0 0.711786 0.373566 0.092173 0.095230
0 0.681770 0.639840 0.077198 0.520798
0 0.491803 0.384720 0.116149 0.145207