0 0.491118 0.614007 0.261907 0.516101
0 0.301349 0.440487 0.066193 0.195943
0 0.210044 0.444556 0.053348 0.176341
0 0.171270 0.435662 0.035085 0.192242
0 0.351001 0.448059 0.043652 0.178619
0 0.754926 0.417030 0.021963 0.062442
0 0.243591 0.430437 0.033322 0.115415
0 0.812146 0.423360 0.024116 0.053767
0 0.733806 0.406604 0.015459 0.044331
0 0.709661 0.411561 0.023148 0.064156
0 0.784684 0.409302 0.016502 0.043643
0 0.690824 0.414852 0.017838 0.055236
0 0.398000 0.418176 0.065090 0.107535
0 0.770820 0.408449 0.012907 0.041222