0 0.167272 0.603359 0.204337 0.396929
0 0.847313 0.376875 0.195277 0.272864
0 0.065604 0.406758 0.131069 0.252440
0 0.413046 0.458944 0.159558 0.295003
0 0.344303 0.533322 0.154558 0.159802
0 0.691521 0.483914 0.127484 0.212319
0 0.266679 0.460600 0.141916 0.270137
0 0.638928 0.535217 0.126261 0.120713
0 0.146081 0.438406 0.160386 0.240469
0 0.543970 0.498957 0.160413 0.209075
0 0.735021 0.401822 0.125392 0.314445
0 0.525640 0.438815 0.082350 0.147113
0 0.640731 0.388844 0.091755 0.167331
0 0.937500 0.415242 0.080304 0.212206
0 0.977679 0.466910 0.041516 0.274584
0 0.521231 0.352929 0.153612 0.162204