0 0.047037 0.582583 0.093625 0.317997
0 0.940523 0.611110 0.115828 0.329105
0 0.112446 0.656715 0.142330 0.285007
0 0.590348 0.608038 0.115322 0.310839
0 0.713276 0.592781 0.101718 0.312747
0 0.841263 0.596457 0.097200 0.299064
0 0.286161 0.628528 0.124331 0.342995
0 0.416781 0.616968 0.113255 0.314996
0 0.116855 0.491999 0.080590 0.158529
0 0.484193 0.591199 0.078168 0.318340
0 0.890413 0.472995 0.060059 0.097246
0 0.322895 0.462992 0.072849 0.146928
0 0.971272 0.548348 0.054330 0.257247
0 0.154636 0.494720 0.058346 0.160089
0 0.269546 0.449679 0.077523 0.126829
0 0.079475 0.431789 0.041733 0.084513