0 0.320197 0.620853 0.101159 0.366778
0 0.639224 0.551363 0.061355 0.207976
0 0.571393 0.548130 0.071266 0.234521
0 0.903776 0.544351 0.060316 0.195785
0 0.836003 0.554745 0.091755 0.242112
0 0.733554 0.571922 0.069616 0.226512
0 0.380280 0.551264 0.079463 0.260399
0 0.948983 0.541123 0.054898 0.192474
0 0.121523 0.603173 0.081829 0.293623
0 0.476256 0.557591 0.068748 0.219098
0 0.682894 0.551144 0.048826 0.192921
0 0.189847 0.567764 0.067936 0.257675
0 0.246473 0.586752 0.074367 0.237576
0 0.787510 0.561358 0.045101 0.222770
0 0.421915 0.553456 0.053401 0.230289
0 0.064245 0.615809 0.080394 0.311482
0 0.985346 0.526259 0.026183 0.115139