0 0.255077 0.533087 0.115888 0.359137
0 0.855174 0.541021 0.171745 0.504849
0 0.722032 0.528015 0.130836 0.393627
0 0.071121 0.527245 0.140643 0.477525
0 0.510353 0.522844 0.087337 0.306640
0 0.929411 0.682482 0.138053 0.227829
0 0.617025 0.534095 0.089517 0.241756
0 0.359394 0.480046 0.090008 0.161198
0 0.585018 0.409843 0.034577 0.109070
0 0.443774 0.528754 0.047555 0.248137
0 0.556892 0.434119 0.033738 0.107450
0 0.373634 0.431972 0.043007 0.079016
0 0.619125 0.382992 0.044975 0.086720
0 0.605103 0.475650 0.091933 0.173761