0 0.070905 0.336372 0.137613 0.206134
0 0.959577 0.616255 0.056776 0.111692
0 0.348266 0.616253 0.102770 0.127361
0 0.852273 0.534625 0.083691 0.260637
0 0.914697 0.628203 0.045441 0.084343
0 0.179178 0.597714 0.040451 0.118277
0 0.578971 0.620662 0.061839 0.114528
0 0.785475 0.617278 0.037582 0.068801
0 0.255050 0.616791 0.051243 0.121940
0 0.879790 0.628884 0.044409 0.082322
0 0.230715 0.632732 0.078095 0.097761
0 0.422377 0.625367 0.040728 0.095930
0 0.678542 0.618683 0.104624 0.116974
0 0.456494 0.627974 0.040481 0.076950
0 0.475834 0.648306 0.062610 0.063492