0 0.899411 0.637648 0.033613 0.099788
0 0.034387 0.639234 0.040973 0.097409
0 0.648560 0.635530 0.049021 0.103215
0 0.592848 0.630496 0.070533 0.114299
0 0.389899 0.638194 0.034501 0.100379
0 0.327588 0.637500 0.044972 0.099807
0 0.738666 0.629275 0.042796 0.116642
0 0.679322 0.635263 0.036415 0.103208
0 0.805512 0.631066 0.055353 0.114140
0 0.545991 0.638623 0.039433 0.098888
0 0.473866 0.637671 0.032016 0.099374
0 0.438015 0.641189 0.050376 0.092422
0 0.706541 0.636390 0.034094 0.102124
0 0.281168 0.639440 0.043902 0.094328
0 0.125537 0.642600 0.042669 0.088620
0 0.166908 0.645579 0.042309 0.082067