0 0.240536 0.686880 0.089944 0.186296
0 0.164518 0.693542 0.067487 0.175446
0 0.582396 0.682972 0.072344 0.192194
0 0.778874 0.673985 0.057736 0.208322
0 0.895854 0.659894 0.036385 0.085949
0 0.446875 0.683754 0.062290 0.193656
0 0.682469 0.672916 0.052771 0.199118
0 0.637383 0.675110 0.050894 0.181109
0 0.329747 0.691578 0.052430 0.179564
0 0.725744 0.679558 0.056672 0.194692
0 0.404237 0.669208 0.056851 0.195726
0 0.482369 0.674111 0.039126 0.192420
0 0.367954 0.683314 0.040700 0.175037
0 0.819996 0.691235 0.044098 0.166789