0 0.393231 0.694366 0.188818 0.261839
0 0.605156 0.417059 0.058423 0.173057
0 0.952673 0.551270 0.091529 0.159021
0 0.749715 0.647051 0.166491 0.232139
0 0.586657 0.702086 0.194970 0.257768
0 0.528330 0.464189 0.075944 0.093787
0 0.052485 0.629308 0.104897 0.236136
0 0.154451 0.719126 0.211274 0.275586
0 0.725590 0.459647 0.067566 0.107090
0 0.347727 0.477051 0.100604 0.103120
0 0.837177 0.586169 0.104193 0.139383
0 0.901664 0.558971 0.092321 0.150709
0 0.281269 0.485670 0.087866 0.098314
0 0.449416 0.467178 0.068272 0.101115
0 0.397617 0.474361 0.087340 0.101306
0 0.230985 0.508558 0.079223 0.113125
0 0.115287 0.540666 0.051541 0.118074
0 0.809106 0.492086 0.105029 0.103248