0 0.086018 0.575781 0.171251 0.476030
0 0.526763 0.568961 0.170906 0.489491
0 0.870057 0.573250 0.256761 0.480151
0 0.250682 0.485848 0.101783 0.208782
0 0.661982 0.502132 0.242704 0.585372
0 0.364595 0.572048 0.190632 0.481907
0 0.801260 0.384341 0.100569 0.239190
0 0.017356 0.380509 0.034423 0.094267
0 0.402803 0.787646 0.073194 0.061956
0 0.218580 0.694180 0.176640 0.240646
0 0.719840 0.669757 0.114627 0.135945
0 0.706606 0.787745 0.078609 0.061045
0 0.412185 0.636870 0.111789 0.087781
0 0.957238 0.435673 0.082399 0.105367