0 0.823602 0.741686 0.072958 0.181979
0 0.880817 0.709783 0.051229 0.159402
0 0.251364 0.619325 0.039632 0.090730
0 0.923443 0.713591 0.045603 0.165192
0 0.300946 0.621017 0.033765 0.086615
0 0.714894 0.707202 0.073371 0.163817
0 0.419182 0.643745 0.031311 0.101489
0 0.800473 0.282975 0.053122 0.125099
0 0.137373 0.604509 0.025676 0.059884
0 0.346707 0.658684 0.028665 0.059875
0 0.788065 0.705664 0.053212 0.156896
0 0.042989 0.586850 0.021947 0.058692
0 0.840273 0.267682 0.037531 0.133041
0 0.164982 0.590192 0.019214 0.054910
0 0.944513 0.239581 0.046456 0.091235
0 0.764259 0.276593 0.041298 0.081763
0 0.219776 0.607732 0.022869 0.062307
0 0.381347 0.622810 0.022462 0.085454