0 0.929670 0.688162 0.137535 0.362012
0 0.272675 0.706501 0.127265 0.326896
0 0.795058 0.687527 0.103819 0.370095
0 0.176740 0.685975 0.130049 0.371804
0 0.614710 0.703350 0.098114 0.340282
0 0.703741 0.711825 0.094964 0.320312
0 0.439124 0.679650 0.102982 0.384222
0 0.530907 0.695661 0.095085 0.350274
0 0.229407 0.485322 0.088671 0.159170
0 0.931852 0.462320 0.115007 0.130811
0 0.877986 0.654279 0.093246 0.404798
0 0.698742 0.547338 0.128495 0.184409
0 0.067831 0.685436 0.134803 0.368430
0 0.596628 0.527452 0.096583 0.144285
0 0.395757 0.499959 0.062881 0.136742
0 0.350853 0.669578 0.101047 0.365323