0 0.257807 0.527437 0.115082 0.352562
0 0.793970 0.564543 0.047673 0.132404
0 0.698075 0.562178 0.046043 0.110229
0 0.045368 0.508637 0.028468 0.073057
0 0.158214 0.504897 0.022200 0.064141
0 0.547707 0.497598 0.020050 0.050829
0 0.307302 0.528882 0.022925 0.076147
0 0.091657 0.509562 0.022486 0.067362
0 0.335520 0.527401 0.025324 0.077428
0 0.739161 0.545640 0.039590 0.084185
0 0.105061 0.510930 0.019315 0.069891
0 0.673560 0.501236 0.019113 0.052041
0 0.469634 0.468973 0.012350 0.034221
0 0.405470 0.486389 0.014481 0.040471