0 0.058844 0.545162 0.074918 0.240276
0 0.218069 0.606569 0.131424 0.196756
0 0.391807 0.586076 0.108256 0.218329
0 0.759046 0.585749 0.109521 0.248001
0 0.132014 0.519467 0.055778 0.223491
0 0.887667 0.567919 0.057872 0.190270
0 0.824557 0.569995 0.065666 0.198197
0 0.610674 0.558219 0.054558 0.167679
0 0.526864 0.560370 0.045747 0.173653
0 0.479438 0.554152 0.051236 0.189396
0 0.655301 0.553991 0.054657 0.168903
0 0.570827 0.558412 0.050060 0.170965
0 0.246468 0.525143 0.058040 0.178951
0 0.703746 0.556141 0.067545 0.181659
0 0.958273 0.579458 0.061517 0.197681
0 0.922039 0.564106 0.040898 0.183827
0 0.443442 0.554297 0.045144 0.190720
0 0.169681 0.538841 0.057929 0.169154
0 0.305336 0.502842 0.051906 0.104053
0 0.982837 0.576797 0.031202 0.207037
0 0.214084 0.496329 0.046155 0.142721