0 0.547592 0.442322 0.092510 0.269208
0 0.796709 0.443809 0.085380 0.244968
0 0.717829 0.444972 0.075843 0.255832
0 0.642611 0.458829 0.085006 0.247313
0 0.869467 0.432841 0.083989 0.276954
0 0.936710 0.429407 0.062688 0.262431
0 0.981887 0.428252 0.033102 0.272726
0 0.088497 0.575144 0.151516 0.507529
0 0.455012 0.461470 0.050162 0.269773
0 0.426266 0.473294 0.078604 0.285420
0 0.237128 0.528254 0.107097 0.422726
0 0.374023 0.474080 0.077124 0.328165
0 0.318061 0.482856 0.078674 0.375387
0 0.282837 0.515450 0.075252 0.368849
0 0.143928 0.544807 0.114125 0.467789
0 0.027189 0.580196 0.053481 0.493633