0 0.126127 0.593337 0.139435 0.219818
0 0.860259 0.571802 0.097010 0.209025
0 0.733117 0.584300 0.073620 0.203704
0 0.361013 0.590076 0.090707 0.209809
0 0.791456 0.583881 0.067846 0.191708
0 0.255554 0.593749 0.092500 0.215964
0 0.459177 0.594770 0.058723 0.190771
0 0.203699 0.601124 0.087425 0.202667
0 0.323479 0.597877 0.062357 0.187753
0 0.629992 0.582797 0.063445 0.208279
0 0.674511 0.591111 0.051845 0.193594
0 0.537744 0.586016 0.054565 0.196983
0 0.581671 0.590287 0.050611 0.180404
0 0.495539 0.599008 0.055331 0.187925
0 0.417122 0.594635 0.046341 0.185261