0 0.823777 0.611042 0.203036 0.427054
0 0.310491 0.610568 0.186501 0.401595
0 0.211496 0.521813 0.140159 0.487394
0 0.097260 0.505425 0.153455 0.526352
0 0.560046 0.631472 0.129066 0.368712
0 0.671590 0.611284 0.131043 0.397715
0 0.453941 0.616139 0.119483 0.381807
0 0.754001 0.400433 0.107217 0.212045
0 0.308928 0.410602 0.076639 0.205552
0 0.866537 0.532559 0.135761 0.504682
0 0.654117 0.407251 0.099832 0.222260
0 0.385523 0.415126 0.083668 0.192439
0 0.471924 0.412985 0.100815 0.216092
0 0.562694 0.409197 0.103854 0.225733