0 0.148938 0.600045 0.297575 0.459028
0 0.845167 0.573622 0.250631 0.511480
0 0.473013 0.526619 0.218792 0.602981
0 0.618403 0.603357 0.158087 0.444169
0 0.756647 0.571207 0.138439 0.418011
0 0.253456 0.575545 0.197493 0.396764
0 0.152137 0.430512 0.095313 0.151001
0 0.036302 0.313710 0.072180 0.136551
0 0.599465 0.361761 0.042070 0.046288
0 0.022851 0.741464 0.045248 0.179157
0 0.637087 0.396321 0.043960 0.072253
0 0.017163 0.416313 0.034038 0.099945
0 0.334661 0.451550 0.134989 0.161730
0 0.679289 0.455190 0.113550 0.188359
0 0.111530 0.398167 0.063251 0.088391
0 0.269722 0.410043 0.055360 0.087183
0 0.732855 0.411419 0.054397 0.071769
0 0.966325 0.536442 0.064225 0.290117