0 0.783755 0.754820 0.181869 0.339366
0 0.277877 0.751346 0.152016 0.370085
0 0.632469 0.692512 0.157373 0.393242
0 0.155009 0.736052 0.124800 0.304071
0 0.394938 0.736314 0.131591 0.336629
0 0.511652 0.751995 0.112192 0.358994
0 0.177113 0.564466 0.114186 0.215947
0 0.808751 0.579196 0.132781 0.181590
0 0.320376 0.510208 0.096216 0.263629
0 0.684806 0.622896 0.088161 0.323586
0 0.162643 0.451807 0.099349 0.188651
0 0.417673 0.555373 0.124556 0.176339
0 0.586496 0.470798 0.101197 0.193797
0 0.279910 0.561639 0.094674 0.167481
0 0.410406 0.462089 0.098325 0.172637
0 0.236238 0.463153 0.080418 0.162773
0 0.994046 0.524359 0.008783 0.028094
0 0.522946 0.554040 0.106091 0.165910