0 0.940033 0.547786 0.112156 0.515664
0 0.225358 0.501505 0.106143 0.439487
0 0.050489 0.507637 0.097622 0.438809
0 0.791260 0.526388 0.103189 0.470059
0 0.134301 0.484797 0.088406 0.425466
0 0.387269 0.501076 0.084078 0.394121
0 0.864622 0.524649 0.081651 0.457488
0 0.316350 0.507304 0.081702 0.403418
0 0.605905 0.506513 0.078337 0.368769
0 0.469022 0.513606 0.084382 0.378464
0 0.674830 0.501049 0.078429 0.373586
0 0.725410 0.512259 0.061359 0.383280
0 0.540951 0.508337 0.079441 0.374278
0 0.178684 0.505787 0.062378 0.405918