0 0.023219 0.642216 0.046065 0.216845
0 0.734667 0.654121 0.081105 0.274223
0 0.390273 0.572483 0.043975 0.129167
0 0.345646 0.587623 0.041170 0.120729
0 0.240297 0.606886 0.050845 0.144805
0 0.790606 0.650748 0.052762 0.246232
0 0.158589 0.587064 0.049863 0.124503
0 0.524044 0.616818 0.054964 0.149191
0 0.908148 0.668195 0.065818 0.255717
0 0.843362 0.719271 0.060285 0.156911
0 0.933700 0.662912 0.081185 0.253086
0 0.070871 0.573569 0.035033 0.079629
0 0.193777 0.576267 0.036044 0.094070
0 0.680325 0.612796 0.060748 0.192372
0 0.125591 0.582103 0.035665 0.115075
0 0.313443 0.562925 0.027405 0.086699
0 0.972978 0.582807 0.049053 0.172289
0 0.576826 0.593884 0.055884 0.155708
0 0.444450 0.584785 0.037384 0.118552