0 0.231443 0.637637 0.061763 0.180300
0 0.281953 0.641149 0.051439 0.167820
0 0.510052 0.632888 0.048144 0.155812
0 0.325906 0.640586 0.050914 0.161957
0 0.754460 0.637456 0.055846 0.135038
0 0.428806 0.639399 0.045719 0.143962
0 0.467500 0.637449 0.044069 0.138588
0 0.790351 0.637377 0.046508 0.135318
0 0.665905 0.639180 0.046524 0.135319
0 0.810918 0.635509 0.043682 0.136657
0 0.607485 0.638211 0.046281 0.140156
0 0.560787 0.637865 0.048584 0.145073
0 0.390991 0.641421 0.040113 0.137091
0 0.723016 0.634525 0.044931 0.128706
0 0.356465 0.639489 0.036891 0.141574
0 0.686856 0.631021 0.031401 0.135326