0 0.575640 0.650188 0.081119 0.252841
0 0.068374 0.608303 0.082692 0.157788
0 0.939164 0.604051 0.036464 0.138689
0 0.176252 0.580197 0.054626 0.098924
0 0.712178 0.561257 0.036284 0.056891
0 0.329650 0.581350 0.048177 0.080135
0 0.288894 0.586056 0.049007 0.069609
0 0.380915 0.572544 0.044487 0.059699
0 0.913780 0.542738 0.025848 0.041419
0 0.454076 0.571339 0.025424 0.071378
0 0.221662 0.589110 0.089962 0.094560
0 0.135457 0.585979 0.023377 0.074591
0 0.885717 0.556102 0.023663 0.041673
0 0.959162 0.541240 0.026175 0.030215
0 0.627592 0.537175 0.019709 0.048245
0 0.777624 0.562160 0.029534 0.046153