0 0.467099 0.597663 0.105053 0.242894
0 0.314834 0.583933 0.102761 0.257157
0 0.859479 0.606695 0.117559 0.294681
0 0.754570 0.601750 0.114592 0.280930
0 0.565270 0.596134 0.102715 0.240836
0 0.087692 0.590486 0.095331 0.246975
0 0.882775 0.552144 0.116967 0.343876
0 0.654364 0.600405 0.117035 0.259105
0 0.247618 0.586756 0.100630 0.236517
0 0.169119 0.584716 0.091103 0.239830
0 0.780730 0.463663 0.089506 0.151194
0 0.708579 0.465346 0.074398 0.142480
0 0.370793 0.438114 0.094356 0.162662
0 0.284653 0.438045 0.085090 0.144709
0 0.134285 0.457481 0.083264 0.140307
0 0.624256 0.465475 0.090964 0.136904
0 0.434549 0.458206 0.065830 0.143280
0 0.215273 0.442579 0.076998 0.125505
0 0.555301 0.461295 0.071306 0.148652
0 0.496150 0.459865 0.078490 0.165478
0 0.385103 0.587581 0.091206 0.241782
0 0.679999 0.403027 0.058208 0.118075