0 0.634761 0.717466 0.071294 0.164024
0 0.194220 0.714704 0.097727 0.171315
0 0.976723 0.703625 0.043429 0.191343
0 0.504800 0.727248 0.067836 0.144223
0 0.820327 0.685943 0.035511 0.102139
0 0.449222 0.720834 0.053554 0.154922
0 0.745346 0.703496 0.041150 0.102645
0 0.592014 0.729961 0.043310 0.128878
0 0.878196 0.694173 0.047054 0.119146
0 0.939304 0.689881 0.038798 0.118512
0 0.368444 0.684051 0.030985 0.086422
0 0.708215 0.685125 0.027751 0.081827
0 0.769543 0.682482 0.027454 0.078633
0 0.279680 0.711295 0.062394 0.124448
0 0.016649 0.755962 0.033146 0.086488
0 0.055958 0.686121 0.038103 0.100035