0 0.314811 0.658802 0.054577 0.137412
0 0.023453 0.683936 0.046690 0.125318
0 0.540241 0.669242 0.055046 0.140763
0 0.903829 0.669224 0.041185 0.149894
0 0.191829 0.669598 0.047065 0.125426
0 0.093057 0.663806 0.045264 0.138808
0 0.446392 0.666761 0.052122 0.160798
0 0.823252 0.661209 0.046475 0.122794
0 0.128923 0.674287 0.042929 0.114288
0 0.159712 0.670058 0.037149 0.118070
0 0.866985 0.673226 0.039949 0.148546
0 0.610194 0.665198 0.046169 0.122097
0 0.695720 0.669785 0.040408 0.147901
0 0.571486 0.664699 0.036528 0.127474
0 0.380404 0.686145 0.048279 0.129436
0 0.729168 0.677238 0.050708 0.136780
0 0.412308 0.661674 0.032635 0.113148