0 0.108694 0.595788 0.217028 0.392753
0 0.800074 0.689800 0.197773 0.361066
0 0.637142 0.662233 0.352313 0.526686
0 0.464526 0.817574 0.271551 0.273339
0 0.176172 0.351449 0.124810 0.340250
0 0.317547 0.334372 0.119933 0.329882
0 0.040999 0.409298 0.081652 0.292650
0 0.657319 0.352727 0.113175 0.330520
0 0.413010 0.276346 0.094051 0.301633
0 0.036639 0.802753 0.072652 0.295370
0 0.861483 0.227980 0.079633 0.244119
0 0.771933 0.249001 0.097439 0.271246
0 0.304993 0.158569 0.056861 0.125432
0 0.852557 0.509232 0.104968 0.342254
0 0.486790 0.310954 0.103888 0.279013
0 0.814198 0.331481 0.100579 0.195704
0 0.552833 0.267211 0.076030 0.253860
0 0.743184 0.925921 0.219566 0.062596
0 0.899177 0.922017 0.117878 0.069308
0 0.520781 0.435070 0.082084 0.178199
0 0.407949 0.154513 0.044192 0.097791