0 0.567642 0.516516 0.038747 0.059169
0 0.610045 0.486104 0.019079 0.071808
0 0.221807 0.607170 0.101424 0.116076
0 0.380753 0.653229 0.135015 0.125288
0 0.626522 0.487172 0.023350 0.059041
0 0.115359 0.540440 0.090636 0.104675
0 0.383359 0.526253 0.053154 0.077866
0 0.032726 0.500981 0.037308 0.045617
0 0.085790 0.507842 0.038117 0.045671
0 0.069471 0.496627 0.023249 0.040067
0 0.325730 0.512474 0.039300 0.043903
0 0.557315 0.558255 0.055667 0.058607
0 0.759782 0.616158 0.141624 0.129453
0 0.801984 0.586203 0.056824 0.069567
0 0.271169 0.579478 0.097327 0.088646