0 0.669938 0.680579 0.119892 0.378080
0 0.072095 0.543034 0.111425 0.276875
0 0.882980 0.682475 0.119424 0.361774
0 0.289995 0.614152 0.098935 0.330027
0 0.397424 0.619074 0.134428 0.295560
0 0.208672 0.586436 0.116591 0.316688
0 0.768073 0.575958 0.127787 0.206928
0 0.823674 0.552140 0.080336 0.178268
0 0.717243 0.726641 0.205619 0.273654
0 0.559810 0.697594 0.123257 0.325573
0 0.937329 0.666730 0.090139 0.374272
0 0.334267 0.497941 0.071353 0.164328
0 0.725319 0.492944 0.075108 0.135633
0 0.243371 0.451944 0.053289 0.101172
0 0.327274 0.422010 0.084601 0.103001
0 0.603448 0.525210 0.065537 0.167296
0 0.385203 0.409645 0.077223 0.120748
0 0.467686 0.630158 0.083213 0.294846