0 0.890657 0.542552 0.046928 0.152483
0 0.551970 0.544525 0.067830 0.149855
0 0.842887 0.524828 0.046162 0.119742
0 0.742811 0.531353 0.042209 0.133901
0 0.630982 0.535741 0.048051 0.166430
0 0.218951 0.539030 0.057622 0.160313
0 0.079248 0.541827 0.066249 0.149583
0 0.781667 0.520086 0.036965 0.118819
0 0.593061 0.543057 0.051625 0.153215
0 0.803268 0.518584 0.028893 0.104026
0 0.441251 0.542069 0.060062 0.152503
0 0.302406 0.541469 0.055236 0.156960
0 0.388340 0.545493 0.050175 0.148326
0 0.175792 0.523096 0.041082 0.127354
0 0.352461 0.545410 0.039359 0.147397
0 0.259661 0.532895 0.043907 0.159100
0 0.096694 0.541533 0.042238 0.142172
0 0.479073 0.535407 0.050567 0.164448