0 0.763598 0.608471 0.141158 0.369511
0 0.575062 0.611693 0.105845 0.284128
0 0.073303 0.584830 0.130655 0.330078
0 0.884492 0.587047 0.114386 0.319535
0 0.516145 0.491617 0.048996 0.133555
0 0.340337 0.504976 0.053256 0.118008
0 0.298047 0.511215 0.039925 0.113284
0 0.714005 0.489583 0.046833 0.129296
0 0.214339 0.492365 0.033135 0.107766
0 0.410700 0.478660 0.028179 0.077611
0 0.970375 0.529793 0.056124 0.196652
0 0.266585 0.486792 0.036963 0.108614
0 0.152071 0.485260 0.039466 0.106966
0 0.182018 0.498068 0.023268 0.078300
0 0.124812 0.494957 0.046753 0.106297
0 0.541221 0.477774 0.025221 0.087263