0 0.767389 0.436885 0.261154 0.394544
0 0.643268 0.407885 0.163830 0.362479
0 0.185985 0.481368 0.223720 0.446112
0 0.316220 0.424248 0.150251 0.383374
0 0.548950 0.390916 0.115845 0.291926
0 0.388566 0.407731 0.083692 0.328158
0 0.461671 0.371100 0.093856 0.300171
0 0.089154 0.585389 0.177907 0.383970
0 0.754034 0.293308 0.086932 0.143717
0 0.853233 0.543924 0.290409 0.466658
0 0.045772 0.350764 0.091406 0.144508
0 0.522203 0.279977 0.060105 0.117568
0 0.627930 0.270825 0.089197 0.100551
0 0.935444 0.305744 0.086941 0.120638
0 0.912903 0.430796 0.171068 0.216239