0 0.672591 0.614305 0.187099 0.506258
0 0.092240 0.483368 0.142706 0.407814
0 0.241334 0.610359 0.149982 0.475208
0 0.414810 0.591584 0.154309 0.466299
0 0.495501 0.515463 0.137350 0.436273
0 0.839977 0.610213 0.160079 0.408511
0 0.975316 0.235051 0.046243 0.123336
0 0.901260 0.231314 0.054205 0.132612
0 0.320280 0.435056 0.109190 0.357441
0 0.831284 0.351161 0.112486 0.176795
0 0.721117 0.428542 0.086417 0.177112
0 0.616639 0.194041 0.034953 0.052918
0 0.155690 0.311045 0.078133 0.134689
0 0.217419 0.444792 0.139962 0.353296
0 0.582815 0.197557 0.035962 0.047364
0 0.375803 0.468154 0.105925 0.295269
0 0.499849 0.206113 0.032799 0.063250