0 0.063469 0.678250 0.126304 0.345592
0 0.881895 0.664521 0.233085 0.403739
0 0.401344 0.712702 0.221552 0.317981
0 0.210324 0.690166 0.119462 0.359208
0 0.677073 0.665675 0.192541 0.384724
0 0.442424 0.565864 0.096328 0.233848
0 0.372298 0.545918 0.111280 0.198748
0 0.624267 0.733076 0.265327 0.270386
0 0.234760 0.557528 0.106670 0.184599
0 0.949615 0.503710 0.097646 0.187512
0 0.036853 0.511835 0.072385 0.121286
0 0.142621 0.633205 0.104177 0.321840
0 0.602376 0.529560 0.077395 0.167205
0 0.687868 0.468843 0.082368 0.133645