0 0.663285 0.574127 0.322846 0.427082
0 0.334906 0.612747 0.323621 0.515714
0 0.159448 0.487881 0.146533 0.304419
0 0.523845 0.372210 0.071064 0.096184
0 0.433624 0.356007 0.100111 0.116543
0 0.357485 0.369242 0.089815 0.115546
0 0.593886 0.372445 0.082769 0.110125
0 0.294141 0.365544 0.080307 0.137896
0 0.642895 0.376811 0.063137 0.129328
0 0.213639 0.368191 0.056492 0.090108
0 0.674521 0.408451 0.076818 0.114132
0 0.708913 0.402046 0.057315 0.108021
0 0.025726 0.804365 0.050690 0.131949
0 0.651882 0.340752 0.043500 0.057307