0 0.188144 0.752089 0.119766 0.137688
0 0.307638 0.676322 0.093454 0.246518
0 0.544578 0.673039 0.061666 0.177918
0 0.134395 0.702934 0.090593 0.226647
0 0.426124 0.724627 0.064132 0.193525
0 0.017739 0.744566 0.035178 0.152618
0 0.321772 0.751626 0.123341 0.138991
0 0.045723 0.702777 0.055521 0.230137
0 0.882504 0.683436 0.065920 0.162573
0 0.829550 0.740094 0.096748 0.158209
0 0.709160 0.757825 0.080215 0.127912
0 0.596465 0.698671 0.059534 0.244025
0 0.363145 0.713299 0.076305 0.220499
0 0.489215 0.745835 0.122249 0.147932
0 0.893599 0.767264 0.148300 0.107134
0 0.634800 0.705336 0.056034 0.213439
0 0.548767 0.789319 0.098289 0.065460
0 0.977498 0.734373 0.041878 0.172340