0 0.583010 0.489822 0.092013 0.322598
0 0.741502 0.616185 0.139457 0.122800
0 0.062113 0.512942 0.114481 0.127881
0 0.750497 0.496463 0.115257 0.133038
0 0.357778 0.525025 0.096638 0.150323
0 0.071092 0.598339 0.142018 0.156389
0 0.401694 0.424905 0.089994 0.161126
0 0.495965 0.461528 0.083165 0.235846
0 0.296741 0.619674 0.148915 0.116947
0 0.462187 0.581073 0.124907 0.184288
0 0.489293 0.648588 0.126234 0.058805
0 0.423316 0.546227 0.065537 0.136572
0 0.235895 0.536546 0.093025 0.138076
0 0.960031 0.597228 0.076813 0.155273
0 0.963061 0.408033 0.061461 0.073017
0 0.837500 0.420012 0.042521 0.048520