0 0.206040 0.660554 0.157167 0.239370
0 0.457177 0.722713 0.136460 0.116158
0 0.673523 0.571066 0.074718 0.190563
0 0.357709 0.527567 0.060343 0.174383
0 0.033520 0.712856 0.066551 0.132394
0 0.565794 0.590248 0.062083 0.214009
0 0.299972 0.567019 0.073171 0.232990
0 0.207984 0.530663 0.063574 0.098696
0 0.409307 0.582086 0.068957 0.184314
0 0.481636 0.581282 0.078912 0.199607
0 0.783170 0.378009 0.027070 0.093613
0 0.289558 0.387792 0.035131 0.122496
0 0.510548 0.464145 0.049512 0.125555
0 0.365309 0.437160 0.050888 0.076634