0 0.069193 0.566812 0.116730 0.352382
0 0.146688 0.674732 0.137413 0.241356
0 0.169670 0.525864 0.097309 0.277148
0 0.331485 0.621126 0.105834 0.240862
0 0.244995 0.503932 0.083822 0.220470
0 0.797302 0.493974 0.081238 0.191498
0 0.419702 0.629591 0.095819 0.202756
0 0.718438 0.491542 0.097538 0.182927
0 0.878410 0.553648 0.095964 0.313419
0 0.243993 0.655433 0.105251 0.196453
0 0.620693 0.626980 0.099114 0.190566
0 0.636239 0.489638 0.084388 0.183764
0 0.838705 0.649747 0.103318 0.227103
0 0.540178 0.619694 0.087589 0.196599
0 0.749589 0.642652 0.101446 0.214546
0 0.681963 0.623236 0.070484 0.200432
0 0.399464 0.488503 0.076110 0.198071
0 0.322473 0.481871 0.083821 0.167723
0 0.569581 0.489430 0.069299 0.192610
0 0.493550 0.508839 0.131204 0.177487