0 0.930673 0.544387 0.133767 0.342076
0 0.638104 0.512069 0.091765 0.340416
0 0.687736 0.497561 0.078703 0.338304
0 0.810331 0.535432 0.133563 0.341059
0 0.334353 0.557253 0.082975 0.280192
0 0.293993 0.521517 0.082542 0.344846
0 0.425067 0.579396 0.115158 0.225378
0 0.750972 0.522971 0.087586 0.326584
0 0.218307 0.596031 0.094619 0.219834
0 0.091966 0.615435 0.090969 0.172215
0 0.089597 0.550722 0.159977 0.272960
0 0.126870 0.500019 0.099545 0.332675
0 0.212086 0.511677 0.089578 0.329204
0 0.880291 0.385936 0.070615 0.104965
0 0.794037 0.366630 0.053737 0.112181
0 0.375798 0.514132 0.083836 0.342871
0 0.460454 0.455122 0.037452 0.187530
0 0.332857 0.373866 0.045806 0.089828