0 0.682906 0.664820 0.082739 0.267900
0 0.787015 0.665736 0.090026 0.265122
0 0.225154 0.716665 0.078158 0.169375
0 0.301970 0.653984 0.086917 0.233326
0 0.907645 0.682600 0.101501 0.232563
0 0.118802 0.649419 0.055843 0.170127
0 0.381886 0.659913 0.080871 0.215597
0 0.591460 0.605556 0.046496 0.135132
0 0.488413 0.601490 0.050414 0.132372
0 0.433638 0.600870 0.050848 0.142178
0 0.847479 0.610005 0.044156 0.178552
0 0.734119 0.645636 0.061373 0.255864
0 0.152576 0.605877 0.039960 0.139516
0 0.028216 0.602171 0.033504 0.103823
0 0.204136 0.597390 0.041490 0.078689
0 0.536812 0.573889 0.028179 0.086172