0 0.254478 0.757396 0.082525 0.146073
0 0.191450 0.752690 0.080247 0.155370
0 0.889222 0.754197 0.082858 0.156451
0 0.963893 0.761757 0.069090 0.140287
0 0.767561 0.729657 0.052029 0.164997
0 0.333124 0.734739 0.048439 0.133631
0 0.660278 0.753074 0.080162 0.158012
0 0.479827 0.761676 0.074913 0.142484
0 0.395950 0.726514 0.052058 0.126143
0 0.708464 0.732795 0.060780 0.152834
0 0.288618 0.702097 0.045710 0.096458
0 0.552040 0.755823 0.075194 0.149463
0 0.434300 0.765094 0.048221 0.135108
0 0.309528 0.807084 0.066299 0.049250
0 0.745158 0.800987 0.107403 0.062560
0 0.536231 0.703240 0.059877 0.095857