0 0.429373 0.620918 0.082493 0.196410
0 0.258415 0.683750 0.113865 0.272032
0 0.877463 0.644995 0.093827 0.251344
0 0.705575 0.618040 0.057786 0.173689
0 0.822913 0.590522 0.059430 0.169649
0 0.517057 0.659384 0.067410 0.233261
0 0.594785 0.686792 0.112611 0.266209
0 0.068915 0.648289 0.103430 0.250268
0 0.090171 0.706252 0.163090 0.225019
0 0.773494 0.575758 0.050128 0.144740
0 0.934308 0.577812 0.040177 0.125590
0 0.740869 0.580647 0.037408 0.119556
0 0.223213 0.566917 0.019714 0.051783
0 0.893925 0.544486 0.071376 0.110122