0 0.141776 0.663557 0.142132 0.413097
0 0.792817 0.656058 0.192544 0.427435
0 0.261925 0.538692 0.046254 0.130359
0 0.509922 0.608162 0.068591 0.279514
0 0.692297 0.584640 0.071951 0.237539
0 0.906121 0.732072 0.117735 0.280703
0 0.356113 0.532323 0.034564 0.107822
0 0.298838 0.526530 0.034589 0.132245
0 0.909659 0.534224 0.051405 0.163360
0 0.324911 0.526893 0.029879 0.118269
0 0.967589 0.667197 0.061696 0.169672
0 0.301618 0.438208 0.024353 0.064826
0 0.214502 0.524809 0.028473 0.123166
0 0.871545 0.554767 0.051087 0.090065
0 0.234817 0.536077 0.024177 0.097686
0 0.955068 0.502584 0.046566 0.116861
0 0.375105 0.521073 0.025552 0.105602
0 0.347977 0.435133 0.023994 0.062374
0 0.186643 0.508651 0.035708 0.064226