0 0.532095 0.638729 0.229342 0.382779
0 0.876386 0.624332 0.126796 0.407806
0 0.118962 0.554891 0.106477 0.186677
0 0.211102 0.733761 0.230370 0.195121
0 0.286319 0.603185 0.088696 0.277347
0 0.705398 0.610769 0.089363 0.317490
0 0.777639 0.595879 0.107183 0.297145
0 0.215363 0.589180 0.092694 0.176974
0 0.969647 0.675304 0.057580 0.281971
0 0.381511 0.664085 0.097683 0.334838
0 0.610256 0.656755 0.101024 0.345288
0 0.021190 0.700480 0.041900 0.259009
0 0.126930 0.763648 0.145654 0.136526
0 0.634328 0.497394 0.070176 0.156206