0 0.745493 0.594448 0.187901 0.430749
0 0.137315 0.551236 0.182907 0.590746
0 0.871984 0.579076 0.138574 0.356667
0 0.270612 0.656195 0.129147 0.379266
0 0.611015 0.587266 0.118371 0.394927
0 0.452700 0.551540 0.130596 0.432030
0 0.342104 0.554970 0.114887 0.426055
0 0.797473 0.420729 0.091172 0.175758
0 0.532870 0.537907 0.085880 0.419589
0 0.020105 0.527828 0.040108 0.268708
0 0.727829 0.402545 0.091161 0.133832
0 0.041311 0.480071 0.050124 0.216331
0 0.609694 0.385823 0.090540 0.137356
0 0.263420 0.430618 0.138010 0.273588