0 0.933256 0.457521 0.130363 0.428059
0 0.850774 0.412535 0.294693 0.568630
0 0.161670 0.423927 0.268188 0.592912
0 0.595770 0.538668 0.100144 0.253803
0 0.341622 0.586826 0.051249 0.143621
0 0.728609 0.586561 0.056161 0.138323
0 0.271748 0.602172 0.045947 0.112332
0 0.380444 0.600128 0.040578 0.112506
0 0.026318 0.543050 0.052407 0.252858
0 0.465672 0.607027 0.029865 0.091022
0 0.437759 0.598221 0.035152 0.112429
0 0.237549 0.607735 0.031594 0.092525
0 0.487080 0.611571 0.022952 0.079772
0 0.513900 0.603442 0.026660 0.094989
0 0.672666 0.596425 0.045298 0.109853
0 0.416525 0.599893 0.031495 0.108376