0 0.904482 0.710555 0.187911 0.485377
0 0.789286 0.797697 0.191362 0.345975
0 0.134854 0.615542 0.246601 0.313797
0 0.775444 0.489549 0.166531 0.483929
0 0.311304 0.448654 0.182137 0.381998
0 0.467391 0.478436 0.157037 0.409961
0 0.620816 0.785318 0.178338 0.363527
0 0.613443 0.600496 0.218368 0.258099
0 0.361584 0.616853 0.192561 0.302451
0 0.199009 0.684453 0.213680 0.180188
0 0.158903 0.408332 0.164994 0.307597
0 0.435783 0.690396 0.209662 0.168952
0 0.285305 0.253872 0.234080 0.331660
0 0.812093 0.308682 0.222286 0.494927
0 0.620103 0.422969 0.156473 0.315407
0 0.459916 0.206407 0.170621 0.350814
0 0.625421 0.206874 0.173800 0.318472