0 0.787665 0.384313 0.162027 0.326468
0 0.751316 0.569980 0.147994 0.305175
0 0.465239 0.561532 0.155197 0.249066
0 0.615234 0.585400 0.183302 0.291268
0 0.341032 0.560000 0.123699 0.316981
0 0.217873 0.563535 0.154590 0.294019
0 0.463248 0.376953 0.106838 0.259718
0 0.127324 0.553307 0.133401 0.285381
0 0.369332 0.370993 0.118557 0.269201
0 0.665028 0.361865 0.111540 0.274764
0 0.567651 0.384184 0.107372 0.312019
0 0.278703 0.362696 0.096450 0.246312
0 0.212227 0.358963 0.095838 0.262293
0 0.130364 0.384939 0.114849 0.199146