0 0.887160 0.571219 0.075509 0.263320
0 0.748172 0.578123 0.078002 0.235297
0 0.274833 0.564378 0.074761 0.240082
0 0.477012 0.564302 0.073891 0.247101
0 0.694687 0.564421 0.066442 0.238694
0 0.344386 0.565868 0.065440 0.234697
0 0.091367 0.549363 0.068020 0.246501
0 0.412156 0.568812 0.065094 0.225134
0 0.214035 0.561349 0.065358 0.237143
0 0.054351 0.531538 0.051926 0.209425
0 0.600608 0.571690 0.066130 0.237878
0 0.541852 0.568585 0.070487 0.237925
0 0.149033 0.553366 0.082528 0.247619
0 0.840135 0.562088 0.053058 0.251583
0 0.805746 0.563096 0.053508 0.227702