0 0.257097 0.717753 0.261903 0.561369
0 0.763269 0.643314 0.222162 0.401253
0 0.567829 0.450636 0.138709 0.145892
0 0.706610 0.516385 0.088436 0.197851
0 0.182631 0.384323 0.113717 0.130298
0 0.318666 0.567109 0.157059 0.293509
0 0.233305 0.348735 0.083147 0.093466
0 0.434490 0.456176 0.111584 0.165941
0 0.433473 0.493375 0.154409 0.233385
0 0.579106 0.317546 0.035051 0.055834
0 0.643877 0.383596 0.114580 0.098248
0 0.681354 0.331060 0.035019 0.112615
0 0.268193 0.442380 0.109364 0.136375
0 0.644444 0.476535 0.077263 0.155960
0 0.627719 0.308547 0.037617 0.063941