0 0.275114 0.646822 0.160482 0.347702
0 0.653764 0.664567 0.141503 0.309206
0 0.374424 0.640977 0.097487 0.350351
0 0.163639 0.563639 0.080114 0.173324
0 0.553658 0.562545 0.088566 0.163225
0 0.850668 0.578545 0.081905 0.185382
0 0.078331 0.561574 0.065602 0.193264
0 0.937527 0.661621 0.121821 0.320146
0 0.464407 0.582532 0.088816 0.225029
0 0.747437 0.631886 0.071428 0.271324
0 0.117662 0.558542 0.038137 0.147028
0 0.307289 0.516862 0.070133 0.132937
0 0.044493 0.548678 0.040693 0.115567
0 0.488309 0.561318 0.044022 0.166406
0 0.762302 0.519387 0.043125 0.101718
0 0.632142 0.565570 0.044840 0.124943