0 0.170369 0.560771 0.105027 0.345402
0 0.775171 0.549766 0.105443 0.309959
0 0.938583 0.558709 0.114116 0.348997
0 0.076272 0.445890 0.060094 0.146567
0 0.480161 0.445693 0.071771 0.090369
0 0.660640 0.423089 0.061605 0.095163
0 0.078041 0.587405 0.073311 0.245904
0 0.307919 0.538390 0.096494 0.309134
0 0.861459 0.554688 0.067073 0.248245
0 0.599069 0.427240 0.066583 0.096447
0 0.483934 0.408981 0.076118 0.091025
0 0.703140 0.436233 0.056658 0.057111
0 0.236224 0.420649 0.065264 0.128926
0 0.396223 0.516453 0.089955 0.220335