0 0.816526 0.618642 0.139059 0.360694
0 0.617046 0.639867 0.132623 0.360820
0 0.907713 0.578046 0.129998 0.310852
0 0.964300 0.537612 0.068276 0.256995
0 0.339428 0.641234 0.206314 0.355618
0 0.141660 0.555529 0.112600 0.251357
0 0.022294 0.517418 0.044588 0.144072
0 0.263206 0.631595 0.100451 0.370043
0 0.498723 0.527677 0.058197 0.200629
0 0.082701 0.515755 0.051370 0.161932
0 0.437318 0.629777 0.132522 0.372325
0 0.217169 0.529600 0.075059 0.240878
0 0.552504 0.440654 0.044308 0.100947
0 0.586553 0.480453 0.105317 0.160013
0 0.968171 0.422246 0.060532 0.109360
0 0.296596 0.449605 0.052736 0.071230
0 0.178273 0.505347 0.049165 0.177851
0 0.790810 0.449826 0.064879 0.095607
0 0.435265 0.469028 0.056434 0.122027