0 0.906481 0.615353 0.137851 0.223964
0 0.772661 0.628545 0.145046 0.222058
0 0.365344 0.626328 0.138850 0.220657
0 0.170769 0.543526 0.128392 0.266251
0 0.671539 0.620734 0.132428 0.216459
0 0.798051 0.390170 0.124823 0.206479
0 0.877875 0.502543 0.131317 0.195399
0 0.567207 0.625120 0.130170 0.221212
0 0.479717 0.621098 0.149898 0.233677
0 0.615382 0.411345 0.114065 0.213617
0 0.703431 0.503503 0.096307 0.156846
0 0.378336 0.503420 0.107325 0.114636
0 0.210820 0.427073 0.152108 0.250883
0 0.610477 0.535154 0.099468 0.165035