0 0.217502 0.616234 0.123008 0.357755
0 0.550447 0.607437 0.116190 0.394160
0 0.346502 0.683466 0.149622 0.279500
0 0.761187 0.613290 0.095566 0.347275
0 0.666722 0.619681 0.106037 0.350089
0 0.280891 0.544242 0.085516 0.248824
0 0.477349 0.610736 0.068644 0.308445
0 0.344205 0.524324 0.102275 0.182893
0 0.466929 0.387287 0.070897 0.159844
0 0.436286 0.588855 0.066188 0.276496
0 0.414012 0.434612 0.067715 0.156106
0 0.612520 0.596662 0.063457 0.358887
0 0.709986 0.474027 0.047786 0.077254
0 0.654979 0.441050 0.084317 0.097305