0 0.464104 0.727061 0.053183 0.145479
0 0.260464 0.728699 0.054940 0.146582
0 0.373161 0.732406 0.058119 0.144919
0 0.206572 0.728142 0.073728 0.193294
0 0.101588 0.718477 0.060648 0.203613
0 0.520148 0.733798 0.041698 0.130466
0 0.612861 0.726099 0.032897 0.098869
0 0.050719 0.723761 0.043350 0.174587
0 0.641138 0.726893 0.032646 0.099140
0 0.551635 0.726453 0.027949 0.094382
0 0.296879 0.732309 0.038019 0.121306
0 0.425066 0.727592 0.029955 0.098291
0 0.577556 0.726117 0.027071 0.077396
0 0.145638 0.734673 0.061751 0.169687
0 0.669713 0.722415 0.020608 0.082721
0 0.020268 0.721575 0.040422 0.182084
0 0.328564 0.728635 0.035043 0.109913