0 0.165057 0.612108 0.283061 0.507985
0 0.706120 0.550672 0.182594 0.512843
0 0.415246 0.645963 0.177081 0.443076
0 0.891274 0.644655 0.139802 0.449004
0 0.582284 0.599096 0.130768 0.435391
0 0.258157 0.450648 0.037911 0.119922
0 0.818237 0.413614 0.042116 0.112259
0 0.952393 0.443287 0.057065 0.157615
0 0.898346 0.386017 0.032831 0.071680
0 0.438654 0.478041 0.135764 0.141220
0 0.125285 0.472698 0.250220 0.358308
0 0.204723 0.395527 0.092130 0.203570
0 0.484733 0.438679 0.032811 0.045453
0 0.073291 0.504776 0.146204 0.299887