0 0.820500 0.629221 0.168851 0.484446
0 0.093389 0.532782 0.075464 0.209671
0 0.412067 0.581502 0.110292 0.322014
0 0.195415 0.549577 0.096425 0.317690
0 0.500312 0.570533 0.109929 0.350021
0 0.326463 0.578568 0.120879 0.355379
0 0.593878 0.584926 0.154576 0.330244
0 0.700891 0.598525 0.120314 0.406020
0 0.014783 0.516597 0.029268 0.241127
0 0.149070 0.530506 0.051519 0.238680
0 0.559905 0.572100 0.078376 0.329129
0 0.285269 0.539365 0.090568 0.345252
0 0.656280 0.441152 0.042020 0.058385
0 0.683899 0.431219 0.068322 0.092833