0 0.449661 0.594967 0.222404 0.362696
0 0.267470 0.524824 0.016300 0.046087
0 0.633399 0.566950 0.025047 0.079203
0 0.134156 0.533075 0.020277 0.048971
0 0.935619 0.529705 0.029362 0.076094
0 0.652177 0.578879 0.029270 0.055564
0 0.882775 0.534297 0.018510 0.048645
0 0.987867 0.514475 0.021140 0.042243
0 0.558680 0.528518 0.020724 0.037805
0 0.664747 0.528684 0.016898 0.037869
0 0.154913 0.525315 0.011991 0.029737
0 0.915567 0.530305 0.013199 0.035433
0 0.102695 0.515383 0.010753 0.023940
0 0.545126 0.524358 0.015698 0.046326