0 0.845288 0.643034 0.088792 0.270740
0 0.685916 0.643991 0.084842 0.252529
0 0.766512 0.641407 0.090412 0.271227
0 0.144841 0.649930 0.088475 0.255200
0 0.617230 0.646816 0.082486 0.258830
0 0.452704 0.638242 0.078664 0.266637
0 0.102039 0.586682 0.081933 0.192832
0 0.306712 0.643423 0.075551 0.254161
0 0.376813 0.641910 0.080517 0.261006
0 0.236981 0.638177 0.084167 0.263345
0 0.517134 0.639587 0.061129 0.253620
0 0.204094 0.625381 0.073891 0.284437
0 0.564060 0.637875 0.050618 0.256352
0 0.796612 0.536068 0.052062 0.074979