0 0.854848 0.585655 0.168522 0.570041
0 0.435505 0.597503 0.143572 0.539750
0 0.168238 0.597216 0.210592 0.545927
0 0.297863 0.576032 0.169196 0.591883
0 0.714367 0.613622 0.184457 0.513133
0 0.554647 0.594535 0.130344 0.554213
0 0.042094 0.415086 0.083719 0.237614
0 0.641865 0.571047 0.120607 0.541350
0 0.235472 0.362644 0.043595 0.059865
0 0.462129 0.356580 0.081743 0.139090
0 0.644744 0.408809 0.118394 0.221371
0 0.103652 0.413206 0.076279 0.210833
0 0.758194 0.343944 0.035222 0.046851
0 0.598125 0.358350 0.046429 0.087897
0 0.695689 0.343938 0.047213 0.068828