0 0.454542 0.703111 0.075112 0.189101
0 0.108662 0.749126 0.089514 0.162998
0 0.573524 0.721473 0.068936 0.201388
0 0.492419 0.551340 0.057776 0.159977
0 0.174583 0.785413 0.079609 0.072142
0 0.189632 0.613509 0.059712 0.171196
0 0.030800 0.783265 0.061600 0.082878
0 0.571959 0.584798 0.066698 0.114187
0 0.632380 0.424035 0.036234 0.119648
0 0.599182 0.433745 0.039247 0.125812
0 0.756397 0.437967 0.040513 0.121257
0 0.364735 0.392671 0.034877 0.109326
0 0.555103 0.446231 0.039339 0.123664
0 0.230821 0.499800 0.045353 0.132048
0 0.110387 0.652658 0.062699 0.100302
0 0.402250 0.368464 0.028087 0.103730
0 0.006546 0.563655 0.013092 0.133622
0 0.938138 0.468068 0.043822 0.131715
0 0.191071 0.512020 0.048391 0.088920
0 0.989530 0.384948 0.017815 0.088332