0 0.548372 0.720641 0.019036 0.067630
0 0.084714 0.779438 0.024940 0.061614
0 0.642922 0.465637 0.033528 0.089929
0 0.525094 0.711729 0.018380 0.055659
0 0.623315 0.789787 0.023299 0.069095
0 0.653992 0.794641 0.021410 0.062768
0 0.130881 0.693588 0.012165 0.033998
0 0.889977 0.428444 0.025214 0.054764
0 0.669635 0.758207 0.022195 0.047040
0 0.505508 0.704471 0.014342 0.030492
0 0.609257 0.462962 0.022965 0.087426
0 0.671890 0.775124 0.021470 0.071396
0 0.687234 0.704454 0.019792 0.063740
0 0.590256 0.652739 0.019985 0.057939