0 0.536026 0.728715 0.153303 0.311301
0 0.796994 0.739690 0.095005 0.305605
0 0.420912 0.722519 0.091174 0.270141
0 0.231262 0.664768 0.050866 0.117059
0 0.632417 0.725374 0.087165 0.253374
0 0.468843 0.705623 0.060559 0.250912
0 0.698219 0.721488 0.108329 0.250496
0 0.315138 0.723781 0.073861 0.287342
0 0.363102 0.708338 0.046419 0.212030
0 0.273204 0.689726 0.048558 0.181815
0 0.865245 0.723946 0.081439 0.287186
0 0.952551 0.745463 0.091774 0.277980
0 0.906528 0.689393 0.050794 0.207155
0 0.941447 0.701443 0.056965 0.188348
0 0.194022 0.627504 0.038602 0.056765
0 0.653461 0.611406 0.037678 0.075983