0 0.452147 0.588452 0.234026 0.425304
0 0.147677 0.455639 0.067737 0.188072
0 0.261620 0.491811 0.101448 0.259160
0 0.341173 0.446860 0.055979 0.157974
0 0.576151 0.433184 0.078529 0.316882
0 0.024163 0.425009 0.046983 0.108154
0 0.775915 0.440999 0.064759 0.211568
0 0.859049 0.496376 0.069582 0.203811
0 0.394213 0.450144 0.058748 0.168032
0 0.911669 0.443765 0.095443 0.161946
0 0.199436 0.432652 0.047770 0.135452
0 0.974156 0.436556 0.043536 0.137932
0 0.694409 0.443058 0.050342 0.084219
0 0.663409 0.432423 0.029625 0.131110
0 0.451212 0.399636 0.040565 0.099081