0 0.840085 0.449652 0.133017 0.305067
0 0.284176 0.621287 0.207180 0.356357
0 0.146826 0.543492 0.171339 0.345665
0 0.652706 0.534456 0.204758 0.483793
0 0.494038 0.669029 0.193653 0.315493
0 0.536413 0.547747 0.249557 0.475115
0 0.971335 0.239861 0.054205 0.083144
0 0.373759 0.216335 0.079527 0.074470
0 0.584681 0.170118 0.064329 0.182317
0 0.755664 0.233527 0.081047 0.086334
0 0.299480 0.205267 0.063864 0.082172
0 0.440907 0.182119 0.060500 0.143900
0 0.677167 0.151541 0.075465 0.154865
0 0.933738 0.175177 0.057367 0.157092
0 0.867789 0.195851 0.063366 0.139540
0 0.673405 0.232565 0.078264 0.081374
0 0.199887 0.199827 0.065940 0.076719
0 0.761096 0.186842 0.076065 0.107610
0 0.096266 0.169175 0.075862 0.135394