0 0.472975 0.533586 0.107471 0.361882
0 0.135835 0.521785 0.088753 0.252284
0 0.274703 0.522893 0.119001 0.276125
0 0.045013 0.507438 0.089980 0.272746
0 0.818701 0.529833 0.096168 0.268587
0 0.732714 0.531402 0.090551 0.291856
0 0.575708 0.559070 0.104578 0.324106
0 0.400934 0.513945 0.079076 0.263969
0 0.686162 0.495377 0.064737 0.239382
0 0.856203 0.463706 0.034166 0.113072
0 0.349300 0.493284 0.061369 0.230099
0 0.534565 0.506556 0.054756 0.277661
0 0.231869 0.475328 0.050398 0.181261
0 0.092039 0.490085 0.054931 0.232634
0 0.767334 0.430537 0.035882 0.055220
0 0.614479 0.495325 0.073642 0.221233