0 0.119393 0.624047 0.119625 0.410713
0 0.354121 0.597347 0.137412 0.457958
0 0.235890 0.599138 0.128825 0.459880
0 0.575579 0.585123 0.116671 0.488370
0 0.683430 0.595231 0.132600 0.473533
0 0.484856 0.597086 0.140587 0.469250
0 0.806930 0.609162 0.138594 0.444824
0 0.621319 0.360060 0.087937 0.149719
0 0.724081 0.399296 0.077621 0.141545
0 0.438766 0.363174 0.113246 0.173254
0 0.751212 0.340471 0.081239 0.119473
0 0.340590 0.365894 0.098349 0.178652
0 0.858273 0.589356 0.107302 0.469437
0 0.245141 0.372482 0.106070 0.156052
0 0.523009 0.369267 0.058905 0.128386