0 0.860994 0.577692 0.154783 0.313648
0 0.619151 0.576010 0.162338 0.343583
0 0.474284 0.587588 0.108934 0.336062
0 0.073445 0.581465 0.144539 0.348415
0 0.737463 0.577104 0.136926 0.330414
0 0.192735 0.593478 0.135041 0.333364
0 0.931465 0.517104 0.128256 0.329859
0 0.332910 0.595585 0.122686 0.326227
0 0.264416 0.449567 0.103239 0.216401
0 0.777670 0.437112 0.070826 0.171582
0 0.351099 0.422169 0.084022 0.155718
0 0.614096 0.402482 0.086146 0.144552
0 0.674546 0.429622 0.068316 0.197711
0 0.720663 0.387595 0.054263 0.085737
0 0.489015 0.420814 0.080659 0.173890
0 0.066951 0.464003 0.130117 0.283721
0 0.851569 0.382329 0.037773 0.073340
0 0.179669 0.409477 0.097138 0.178047
0 0.814796 0.410742 0.054329 0.138933
0 0.141667 0.398944 0.067503 0.178458
0 0.547461 0.429264 0.068385 0.201617
0 0.412866 0.460115 0.092263 0.237179
0 0.166676 0.465573 0.075737 0.301414