0 0.926404 0.647754 0.144068 0.438596
0 0.299802 0.576814 0.158619 0.406731
0 0.189612 0.660359 0.164142 0.423902
0 0.540755 0.653780 0.097657 0.264121
0 0.815216 0.563720 0.142774 0.517750
0 0.701780 0.587379 0.153661 0.466163
0 0.590536 0.594137 0.116770 0.365248
0 0.357948 0.505598 0.148858 0.414200
0 0.464814 0.415232 0.086484 0.300286
0 0.610748 0.391219 0.124173 0.180202
0 0.338147 0.258892 0.064461 0.111645
0 0.380398 0.403607 0.073669 0.251672
0 0.568024 0.371570 0.079466 0.209826
0 0.715447 0.368643 0.066591 0.093336
0 0.542245 0.362544 0.060098 0.231879