0 0.114659 0.646177 0.228637 0.265707
0 0.574160 0.622879 0.255649 0.306501
0 0.336787 0.461207 0.247992 0.257956
0 0.642251 0.354214 0.092963 0.193793
0 0.760692 0.392948 0.166481 0.187572
0 0.189075 0.356625 0.100344 0.170786
0 0.121912 0.449767 0.176841 0.203572
0 0.544506 0.362759 0.105097 0.131119
0 0.392600 0.343498 0.078523 0.126079
0 0.834819 0.612250 0.260647 0.305018
0 0.288720 0.337606 0.088962 0.110330
0 0.737063 0.348022 0.099213 0.148489
0 0.871258 0.420904 0.181608 0.153248
0 0.473522 0.375667 0.093595 0.180587