0 0.429359 0.803036 0.047363 0.095458
0 0.766100 0.790247 0.046075 0.123854
0 0.857896 0.774859 0.041786 0.096521
0 0.897382 0.797477 0.045155 0.110847
0 0.151728 0.833450 0.034079 0.083249
0 0.120158 0.812050 0.049849 0.112256
0 0.286820 0.808516 0.040727 0.102801
0 0.932117 0.777700 0.040047 0.100293
0 0.390560 0.797725 0.040420 0.100820
0 0.795073 0.773588 0.037288 0.096377
0 0.616422 0.764098 0.036277 0.073981
0 0.517984 0.749501 0.019105 0.047440
0 0.352279 0.802172 0.037226 0.102483
0 0.245247 0.767550 0.023817 0.065948