0 0.889475 0.598414 0.217925 0.354834
0 0.573646 0.580950 0.220843 0.391066
0 0.096638 0.635341 0.192660 0.287115
0 0.707053 0.588415 0.150513 0.375820
0 0.277268 0.650368 0.198264 0.258435
0 0.423860 0.621702 0.180412 0.316140
0 0.816441 0.545638 0.150011 0.461073
0 0.468181 0.403638 0.109347 0.228020
0 0.250649 0.493103 0.286384 0.334857
0 0.043824 0.539444 0.087086 0.443195
0 0.389940 0.435845 0.159519 0.232701
0 0.671635 0.385073 0.130940 0.216693
0 0.767077 0.396586 0.054055 0.074635
0 0.608865 0.417229 0.084916 0.161978