0 0.071732 0.590361 0.058352 0.188081
0 0.167122 0.586150 0.065407 0.192319
0 0.789237 0.603814 0.069642 0.208258
0 0.709272 0.600211 0.053913 0.194414
0 0.116208 0.590122 0.049222 0.188646
0 0.652680 0.591259 0.064805 0.209365
0 0.295234 0.592459 0.055113 0.180480
0 0.503109 0.586757 0.062506 0.193035
0 0.600148 0.588957 0.056702 0.199058
0 0.363122 0.591220 0.056560 0.177600
0 0.244625 0.587398 0.056485 0.187063
0 0.547696 0.588749 0.054525 0.198495
0 0.412156 0.580840 0.054299 0.195545
0 0.454384 0.587308 0.051565 0.194382
0 0.211502 0.580916 0.045122 0.190949
0 0.742793 0.591451 0.045271 0.190334