0 0.218398 0.647288 0.103604 0.190487
0 0.717833 0.636074 0.095081 0.180000
0 0.135730 0.637277 0.065942 0.160794
0 0.907394 0.641953 0.056265 0.172698
0 0.862976 0.646872 0.046398 0.153122
0 0.054206 0.623961 0.062260 0.163859
0 0.485173 0.636239 0.061557 0.186424
0 0.296221 0.648450 0.054759 0.156777
0 0.387739 0.644313 0.071492 0.193041
0 0.816759 0.637349 0.042776 0.154386
0 0.343129 0.511540 0.036033 0.106513
0 0.447233 0.649817 0.058598 0.148020
0 0.572555 0.622240 0.045374 0.133869
0 0.754993 0.629144 0.033499 0.116363
0 0.739060 0.560499 0.035450 0.054756