0 0.883559 0.555797 0.128030 0.198150
0 0.452449 0.582488 0.212116 0.391472
0 0.171394 0.591129 0.141650 0.375916
0 0.835855 0.403707 0.116574 0.344781
0 0.277355 0.398471 0.124508 0.354444
0 0.677308 0.740127 0.087820 0.080764
0 0.838517 0.656895 0.109173 0.152142
0 0.513897 0.367668 0.108488 0.181911
0 0.194631 0.392178 0.119790 0.243815
0 0.878694 0.744332 0.069765 0.072621
0 0.024014 0.394602 0.047885 0.128424
0 0.985825 0.377770 0.025225 0.269130
0 0.986096 0.307310 0.024683 0.128865
0 0.024104 0.736660 0.047856 0.085858