0 0.113004 0.601017 0.142840 0.445163
0 0.747384 0.527098 0.070288 0.300587
0 0.394204 0.501834 0.074890 0.258329
0 0.594888 0.498649 0.072027 0.243724
0 0.286731 0.520156 0.083112 0.288209
0 0.652647 0.502145 0.065135 0.253718
0 0.333963 0.507692 0.063608 0.254484
0 0.178436 0.552695 0.081404 0.370593
0 0.226430 0.518084 0.077497 0.326110
0 0.448049 0.502609 0.069396 0.226446
0 0.707512 0.510553 0.063896 0.280331
0 0.486928 0.434709 0.051148 0.098448
0 0.531580 0.494848 0.050631 0.202295
0 0.822896 0.434500 0.107535 0.145713
0 0.289213 0.398811 0.050359 0.063786
0 0.564828 0.494694 0.035659 0.206501