0 0.171854 0.622764 0.068446 0.223416
0 0.497182 0.631705 0.107223 0.273780
0 0.320009 0.632214 0.103342 0.207403
0 0.643211 0.565194 0.048334 0.148154
0 0.601814 0.570293 0.049731 0.139498
0 0.409039 0.583584 0.053686 0.143615
0 0.967910 0.516535 0.061056 0.154082
0 0.921510 0.539801 0.040513 0.105575
0 0.689813 0.532423 0.030080 0.069806
0 0.357687 0.577462 0.041135 0.128198
0 0.716609 0.530615 0.026567 0.057274
0 0.892456 0.517093 0.024401 0.068652
0 0.072480 0.601270 0.045966 0.195473
0 0.552347 0.551056 0.035019 0.103134
0 0.861971 0.514176 0.026083 0.048859
0 0.665186 0.535057 0.023613 0.076578
0 0.437646 0.560011 0.032722 0.117069
0 0.862685 0.587976 0.068794 0.103842