0 0.191325 0.675957 0.091645 0.237080
0 0.086339 0.626708 0.037687 0.100945
0 0.513836 0.683693 0.075037 0.251046
0 0.586089 0.682918 0.068163 0.239191
0 0.789333 0.650344 0.056088 0.166495
0 0.438064 0.697810 0.087632 0.245361
0 0.862225 0.684082 0.089455 0.259453
0 0.370802 0.692313 0.065183 0.206838
0 0.032066 0.607618 0.017990 0.045831
0 0.656615 0.617828 0.028153 0.080418
0 0.712927 0.681717 0.078917 0.230444
0 0.735968 0.667968 0.059472 0.212253
0 0.898568 0.620807 0.045849 0.104732
0 0.623505 0.624144 0.028777 0.091707
0 0.292432 0.616210 0.023018 0.065203