0 0.806614 0.513661 0.304966 0.495306
0 0.428400 0.564748 0.279944 0.376871
0 0.249652 0.460544 0.181248 0.195430
0 0.586959 0.487549 0.176145 0.180635
0 0.362262 0.379086 0.082467 0.153142
0 0.101212 0.453995 0.088521 0.108953
0 0.103085 0.358085 0.043907 0.097544
0 0.431282 0.381946 0.082516 0.128526
0 0.143192 0.380325 0.044634 0.092475
0 0.054627 0.369597 0.035528 0.114480
0 0.558591 0.336881 0.046154 0.079908
0 0.591660 0.345217 0.036195 0.105752
0 0.888997 0.377247 0.037526 0.092551
0 0.013526 0.411979 0.026864 0.151335
0 0.782279 0.330554 0.026473 0.058711
0 0.024919 0.376101 0.048091 0.114390
0 0.960437 0.379311 0.030561 0.047955