0 0.936768 0.557099 0.123340 0.415074
0 0.494169 0.608702 0.204494 0.308363
0 0.049225 0.577184 0.097930 0.372808
0 0.804173 0.556157 0.140947 0.411345
0 0.262650 0.560906 0.148365 0.401193
0 0.666920 0.542049 0.152199 0.439831
0 0.386216 0.568955 0.137853 0.387311
0 0.141211 0.578011 0.107323 0.368856
0 0.870994 0.552955 0.075356 0.407493
0 0.521650 0.465227 0.145949 0.231396
0 0.092202 0.434196 0.056117 0.087980
0 0.204768 0.430730 0.050329 0.113069
0 0.587081 0.353577 0.098782 0.150474
0 0.733273 0.394185 0.062350 0.100584