0 0.036642 0.516311 0.073099 0.217839
0 0.548759 0.516398 0.080229 0.213343
0 0.387370 0.517067 0.071643 0.204113
0 0.968449 0.521789 0.059978 0.231269
0 0.469653 0.531222 0.071640 0.186712
0 0.886503 0.518055 0.063234 0.198329
0 0.260051 0.518641 0.043259 0.194214
0 0.829130 0.520972 0.084086 0.223510
0 0.120931 0.538627 0.067614 0.186322
0 0.199145 0.536634 0.055521 0.176225
0 0.747381 0.533821 0.053939 0.173604
0 0.440168 0.512964 0.041546 0.172651
0 0.942216 0.517976 0.045499 0.182909
0 0.715536 0.540323 0.031361 0.183867