0 0.466834 0.591891 0.151022 0.403269
0 0.188217 0.582640 0.165232 0.359765
0 0.608154 0.584628 0.162217 0.381080
0 0.336404 0.597189 0.140568 0.383046
0 0.775910 0.594396 0.152796 0.388180
0 0.874444 0.501406 0.129346 0.331723
0 0.063418 0.414929 0.111622 0.208240
0 0.133278 0.401578 0.065283 0.149376
0 0.681242 0.499321 0.090215 0.305089
0 0.215227 0.405146 0.114231 0.188633
0 0.934366 0.422150 0.058025 0.169729
0 0.303396 0.432591 0.085398 0.205926
0 0.399135 0.432869 0.075509 0.163655
0 0.769743 0.414978 0.091663 0.128638
0 0.550158 0.427628 0.088501 0.184055