0 0.835181 0.568386 0.236276 0.501439
0 0.332796 0.619738 0.253159 0.398067
0 0.562429 0.615695 0.133549 0.406484
0 0.180969 0.463833 0.139200 0.226726
0 0.942848 0.626945 0.111180 0.381722
0 0.141117 0.534804 0.281207 0.505761
0 0.966182 0.422632 0.051775 0.139429
0 0.373422 0.487172 0.109916 0.204578
0 0.928449 0.466110 0.112083 0.169562
0 0.479519 0.464919 0.081224 0.197544
0 0.637034 0.443735 0.045342 0.128791
0 0.269768 0.489417 0.066178 0.149169
0 0.912815 0.436731 0.081475 0.110503
0 0.742088 0.471837 0.086211 0.289313
0 0.731982 0.569184 0.074982 0.473831
0 0.408887 0.481262 0.073395 0.158096
0 0.514960 0.469814 0.100481 0.186869