0 0.884967 0.662738 0.113621 0.255921
0 0.096902 0.602969 0.106179 0.323178
0 0.244606 0.671889 0.098781 0.219496
0 0.798927 0.662264 0.103824 0.243160
0 0.712529 0.655725 0.121232 0.224458
0 0.140515 0.676720 0.121735 0.212301
0 0.867885 0.524934 0.090690 0.143940
0 0.611324 0.647384 0.101530 0.233279
0 0.791294 0.529218 0.080413 0.134587
0 0.565590 0.592391 0.090349 0.282364
0 0.293486 0.549986 0.084432 0.150640
0 0.337250 0.662003 0.100314 0.221047
0 0.709399 0.535793 0.089577 0.143685
0 0.435631 0.656769 0.116454 0.225769
0 0.648075 0.537912 0.075853 0.165609
0 0.198176 0.554855 0.101927 0.209195
0 0.378062 0.540639 0.078243 0.154647
0 0.422718 0.526252 0.063198 0.135928
0 0.331720 0.498761 0.042233 0.092212
0 0.247308 0.503255 0.057022 0.108704