0 0.245025 0.558294 0.144644 0.532549
0 0.105238 0.563080 0.160600 0.522345
0 0.399502 0.559818 0.142565 0.530556
0 0.534490 0.559322 0.132908 0.530564
0 0.834878 0.572955 0.139856 0.484486
0 0.921904 0.543998 0.119022 0.489834
0 0.700890 0.546764 0.141582 0.509397
0 0.176500 0.335284 0.095647 0.169310
0 0.325765 0.511181 0.092436 0.505285
0 0.599540 0.534505 0.103753 0.526583
0 0.773297 0.352054 0.079143 0.170483
0 0.471484 0.336517 0.074023 0.155742
0 0.859131 0.334954 0.053103 0.132378
0 0.635378 0.319649 0.079997 0.154142