0 0.820288 0.616126 0.151659 0.400280
0 0.610669 0.646699 0.194276 0.347039
0 0.273843 0.631422 0.118316 0.375322
0 0.049163 0.606021 0.097900 0.275344
0 0.087103 0.560045 0.088018 0.256332
0 0.715930 0.552002 0.079983 0.240813
0 0.197109 0.568285 0.083343 0.289350
0 0.441768 0.555323 0.065863 0.260405
0 0.475206 0.589087 0.098993 0.286812
0 0.658223 0.522804 0.052169 0.183716
0 0.582896 0.451081 0.055390 0.054174
0 0.760938 0.464599 0.044030 0.068133
0 0.326006 0.503454 0.069723 0.168853
0 0.399717 0.557665 0.045529 0.229991