0 0.951069 0.633305 0.094737 0.385496
0 0.699584 0.653529 0.094631 0.348714
0 0.080578 0.638371 0.116713 0.382429
0 0.275954 0.640795 0.129382 0.376057
0 0.599356 0.647434 0.103731 0.359448
0 0.857631 0.645417 0.084324 0.363131
0 0.391240 0.633771 0.104914 0.395452
0 0.496299 0.652863 0.108096 0.353112
0 0.189746 0.642068 0.092240 0.371415
0 0.892203 0.465338 0.070065 0.125195
0 0.019851 0.673720 0.039286 0.282895
0 0.599685 0.466175 0.084656 0.129635
0 0.677112 0.476627 0.078677 0.141686
0 0.773060 0.642074 0.099644 0.373915
0 0.514313 0.488812 0.085863 0.147565
0 0.240245 0.456669 0.066951 0.118836
0 0.735091 0.468807 0.054306 0.125681
0 0.442357 0.489911 0.058553 0.144799
0 0.825359 0.468023 0.078983 0.119261
0 0.125885 0.464762 0.081985 0.125551
0 0.774618 0.509985 0.097405 0.111024
0 0.196387 0.458023 0.089961 0.117687