0 0.334025 0.608271 0.147178 0.424516
0 0.867431 0.539595 0.118949 0.365463
0 0.592844 0.583666 0.148890 0.400032
0 0.744158 0.607869 0.156033 0.366106
0 0.136612 0.534942 0.104833 0.300701
0 0.481604 0.576495 0.125264 0.405684
0 0.236286 0.555456 0.101687 0.315122
0 0.947386 0.480328 0.054925 0.148168
0 0.681730 0.564577 0.081246 0.305509
0 0.013832 0.447614 0.027665 0.086747
0 0.070590 0.475243 0.044673 0.152687
0 0.429042 0.511751 0.073110 0.274643
0 0.795041 0.450436 0.044230 0.122580
0 0.721466 0.440950 0.041757 0.089681
0 0.212848 0.459116 0.057195 0.128582