0 0.434744 0.572576 0.233280 0.627265
0 0.842434 0.572701 0.223679 0.631649
0 0.643167 0.583031 0.185490 0.612382
0 0.230905 0.584508 0.189278 0.634474
0 0.653595 0.281184 0.161148 0.255036
0 0.096961 0.471318 0.174469 0.664994
0 0.386724 0.299877 0.181345 0.306498
0 0.212445 0.327090 0.179526 0.264902
0 0.766293 0.305906 0.119667 0.312719
0 0.870044 0.273219 0.128124 0.214247
0 0.572190 0.183519 0.089945 0.142224
0 0.698275 0.177656 0.080999 0.129077
0 0.513811 0.303268 0.148676 0.319996
0 0.442749 0.176023 0.076517 0.124062
0 0.289736 0.231962 0.087480 0.196295