0 0.139874 0.627647 0.087917 0.281917
0 0.239756 0.598325 0.067842 0.206909
0 0.363034 0.600997 0.074412 0.205725
0 0.963306 0.565226 0.056760 0.145222
0 0.591258 0.554700 0.035450 0.098648
0 0.662759 0.544354 0.029647 0.082275
0 0.874957 0.555048 0.029613 0.077056
0 0.494889 0.552136 0.032927 0.097780
0 0.271730 0.538763 0.023751 0.072909
0 0.911332 0.552954 0.025953 0.075687
0 0.466293 0.537330 0.021193 0.062621
0 0.714234 0.543167 0.030163 0.082116
0 0.833301 0.533875 0.017484 0.047871
0 0.858426 0.538872 0.019735 0.055605
0 0.517946 0.542175 0.025092 0.080827
0 0.536150 0.534595 0.021215 0.066900
0 0.795476 0.526891 0.016464 0.042295
0 0.615139 0.544406 0.019415 0.073910
0 0.642654 0.535100 0.020978 0.059723
0 0.776190 0.534025 0.015683 0.041585
0 0.684194 0.539004 0.019274 0.062905