0 0.436414 0.594509 0.141434 0.459460
0 0.701592 0.551732 0.137700 0.387648
0 0.578697 0.572275 0.141243 0.373194
0 0.903707 0.548197 0.126445 0.375665
0 0.132959 0.578301 0.082949 0.254148
0 0.798230 0.558629 0.078292 0.338886
0 0.061391 0.537373 0.077928 0.310297
0 0.237062 0.553042 0.100277 0.258041
0 0.978714 0.534848 0.039447 0.266893
0 0.259978 0.551579 0.046449 0.252570
0 0.524347 0.559110 0.058242 0.326222
0 0.625419 0.426181 0.064594 0.103995
0 0.299567 0.513679 0.052272 0.216718
0 0.152295 0.517910 0.090374 0.209622