0 0.818308 0.632222 0.239140 0.152816
0 0.937856 0.568471 0.070694 0.220083
0 0.107616 0.573139 0.066334 0.233277
0 0.038728 0.549659 0.077455 0.268505
0 0.635894 0.586080 0.086862 0.119816
0 0.527770 0.577520 0.097293 0.117248
0 0.211507 0.552379 0.057831 0.228658
0 0.887587 0.556921 0.058303 0.227111
0 0.836228 0.552349 0.069040 0.204476
0 0.585461 0.545982 0.055490 0.174933
0 0.264441 0.557387 0.058083 0.221566
0 0.790991 0.538255 0.061948 0.170946
0 0.425169 0.569691 0.059110 0.187863
0 0.733327 0.516215 0.069810 0.138312
0 0.686916 0.545485 0.050509 0.196950
0 0.162908 0.563732 0.062970 0.233617