0 0.329972 0.623719 0.046709 0.135652
0 0.933215 0.612351 0.056635 0.104851
0 0.179786 0.623657 0.044296 0.139079
0 0.981624 0.601945 0.033628 0.086245
0 0.131192 0.607125 0.038877 0.114909
0 0.102925 0.590508 0.032781 0.091486
0 0.368252 0.603207 0.035145 0.112298
0 0.022424 0.578457 0.022628 0.092287
0 0.058084 0.620148 0.044512 0.113468
0 0.581190 0.587325 0.033822 0.100970
0 0.738238 0.581304 0.027101 0.077716
0 0.792429 0.577549 0.026207 0.077032
0 0.514059 0.578442 0.027173 0.081541
0 0.195531 0.600445 0.024813 0.097330
0 0.446534 0.584125 0.038340 0.072760