0 0.099011 0.650033 0.161880 0.210600
0 0.677788 0.687391 0.099810 0.249862
0 0.201611 0.669984 0.145470 0.238764
0 0.572926 0.686715 0.102634 0.283419
0 0.828291 0.546557 0.096837 0.336478
0 0.181631 0.502388 0.081085 0.258272
0 0.678963 0.493527 0.108989 0.233017
0 0.259464 0.497061 0.086699 0.225302
0 0.775594 0.672089 0.112665 0.245476
0 0.324071 0.549211 0.081895 0.135062
0 0.479930 0.666259 0.097715 0.231336
0 0.586909 0.485587 0.088300 0.236582
0 0.308329 0.659595 0.096795 0.211955
0 0.502582 0.489751 0.092882 0.236164
0 0.737435 0.501480 0.082776 0.257829
0 0.403225 0.511012 0.086335 0.209467
0 0.385671 0.681000 0.101928 0.227895
0 0.251633 0.357667 0.059640 0.101916