0 0.151902 0.577258 0.094509 0.319933
0 0.287549 0.560106 0.145117 0.281533
0 0.887218 0.587579 0.112402 0.340030
0 0.748296 0.549859 0.083108 0.272758
0 0.701315 0.619924 0.113456 0.199257
0 0.812544 0.567256 0.085892 0.298183
0 0.374540 0.537246 0.073768 0.249450
0 0.597295 0.622613 0.087539 0.170288
0 0.456008 0.497526 0.084678 0.174012
0 0.672997 0.534800 0.082730 0.235859
0 0.507432 0.612793 0.104346 0.166323
0 0.421046 0.601849 0.095857 0.172617
0 0.208917 0.561700 0.052782 0.267297
0 0.599326 0.503168 0.084320 0.202740
0 0.323607 0.520687 0.054180 0.209521
0 0.235901 0.446618 0.041930 0.055120
0 0.414164 0.486064 0.036654 0.133500