0 0.159849 0.623824 0.143556 0.349192
0 0.045484 0.635529 0.090325 0.319518
0 0.348587 0.630778 0.138836 0.332679
0 0.488349 0.659379 0.164453 0.273678
0 0.780499 0.631930 0.118778 0.331751
0 0.839587 0.622602 0.083272 0.348672
0 0.676423 0.648184 0.091743 0.278240
0 0.632131 0.569026 0.056226 0.152783
0 0.276677 0.630470 0.061739 0.274352
0 0.726972 0.532643 0.040156 0.093051
0 0.578544 0.517036 0.048509 0.062320
0 0.682251 0.506866 0.044324 0.069919
0 0.200221 0.508207 0.052168 0.077639
0 0.415077 0.506667 0.028374 0.045683