0 0.788036 0.665064 0.253988 0.409880
0 0.480572 0.673076 0.148736 0.383669
0 0.322093 0.682216 0.175678 0.379099
0 0.213487 0.672025 0.182085 0.398237
0 0.602437 0.711653 0.162262 0.321849
0 0.646552 0.631942 0.157949 0.406618
0 0.952382 0.568395 0.092110 0.294147
0 0.736074 0.466681 0.191856 0.149316
0 0.459305 0.420927 0.120280 0.154228
0 0.370584 0.498587 0.160911 0.183628
0 0.221713 0.499601 0.186598 0.209356
0 0.558722 0.438474 0.060069 0.126882
0 0.976598 0.569893 0.043678 0.283354
0 0.840899 0.522804 0.043284 0.067384
0 0.373869 0.623049 0.158346 0.442914