0 0.498629 0.704646 0.119481 0.328073
0 0.180005 0.691287 0.191544 0.356747
0 0.844086 0.652360 0.095164 0.229563
0 0.703914 0.652952 0.076066 0.213933
0 0.349929 0.679904 0.081931 0.282810
0 0.022167 0.713415 0.043923 0.314290
0 0.056755 0.700215 0.077614 0.319075
0 0.931749 0.664549 0.074449 0.262053
0 0.586756 0.621824 0.062076 0.206794
0 0.777278 0.633696 0.058288 0.205740
0 0.413107 0.664407 0.058783 0.228329
0 0.303355 0.627673 0.054868 0.172816
0 0.888107 0.625751 0.056007 0.203792
0 0.267302 0.612249 0.046525 0.156940
0 0.655476 0.628725 0.052203 0.216816
0 0.396106 0.565079 0.038297 0.076189