0 0.953451 0.660434 0.089973 0.339807
0 0.201402 0.600727 0.085471 0.281938
0 0.581434 0.555680 0.082678 0.099627
0 0.045848 0.591478 0.089070 0.263662
0 0.799631 0.691318 0.132510 0.322391
0 0.444578 0.547378 0.082936 0.091243
0 0.266530 0.584916 0.084865 0.298505
0 0.124057 0.585293 0.082201 0.277090
0 0.391224 0.490099 0.073657 0.133965
0 0.459853 0.505460 0.090332 0.146407
0 0.348677 0.654563 0.120021 0.297065
0 0.867819 0.634249 0.099190 0.338218
0 0.730317 0.517396 0.074038 0.164048
0 0.781312 0.526638 0.113262 0.160817
0 0.359629 0.549155 0.102147 0.084019
0 0.905833 0.493469 0.057237 0.081111
0 0.661054 0.518599 0.081590 0.149312
0 0.676187 0.671133 0.107800 0.283615
0 0.330875 0.511190 0.057284 0.116297
0 0.591171 0.497119 0.069282 0.129131
0 0.541916 0.535447 0.046123 0.106730
0 0.954005 0.509485 0.088864 0.109241