0 0.832096 0.650641 0.146886 0.389170
0 0.774517 0.711090 0.148603 0.316613
0 0.214844 0.654168 0.212426 0.403798
0 0.647463 0.720311 0.137693 0.300658
0 0.301342 0.722216 0.190743 0.300364
0 0.531925 0.710437 0.112753 0.270847
0 0.650775 0.565819 0.113961 0.177749
0 0.695409 0.522610 0.153212 0.236235
0 0.543263 0.546934 0.125409 0.203680
0 0.174092 0.432912 0.219885 0.172427
0 0.418066 0.523898 0.174633 0.277994
0 0.431801 0.714272 0.134439 0.245906
0 0.170346 0.361498 0.111576 0.112540
0 0.364677 0.553413 0.097110 0.181936
0 0.367816 0.412216 0.094015 0.112120