0 0.078413 0.557550 0.121935 0.348722
0 0.929986 0.588751 0.136904 0.441144
0 0.393991 0.565605 0.095364 0.292200
0 0.194464 0.554885 0.104939 0.310793
0 0.657415 0.549971 0.066387 0.295595
0 0.722256 0.548029 0.085394 0.320158
0 0.533585 0.541408 0.074216 0.273812
0 0.600345 0.534611 0.072281 0.300400
0 0.447215 0.544983 0.062742 0.275020
0 0.822270 0.557257 0.097627 0.343548
0 0.273188 0.535766 0.080731 0.286025
0 0.341042 0.539260 0.071347 0.297005
0 0.485730 0.544289 0.048075 0.254938
0 0.769060 0.390848 0.079300 0.098575
0 0.139196 0.542401 0.081800 0.320711
0 0.874626 0.568460 0.053064 0.339156
0 0.879092 0.430924 0.041036 0.061643
0 0.228789 0.435168 0.037017 0.055296
0 0.690744 0.396433 0.054650 0.097309
0 0.642463 0.388429 0.079762 0.122715