0 0.304016 0.726241 0.044875 0.095237
0 0.239592 0.711491 0.036573 0.087461
0 0.359550 0.713898 0.035660 0.085979
0 0.673979 0.709847 0.048874 0.092165
0 0.320713 0.759191 0.044708 0.042008
0 0.516720 0.693543 0.039190 0.084571
0 0.437517 0.735992 0.039909 0.090359
0 0.210429 0.717325 0.027651 0.084168
0 0.404941 0.672792 0.025576 0.068894
0 0.603176 0.749688 0.040168 0.064577
0 0.711434 0.750882 0.033435 0.062294
0 0.207757 0.648246 0.027196 0.065401
0 0.177449 0.679305 0.024117 0.066090
0 0.771928 0.751638 0.039010 0.058973
0 0.632365 0.708054 0.043552 0.083012
0 0.149655 0.679056 0.019716 0.052144
0 0.700144 0.675872 0.023560 0.078729
0 0.136125 0.764380 0.038096 0.033800
0 0.239320 0.661281 0.033152 0.039302
0 0.854751 0.724741 0.039787 0.100567