0 0.075573 0.514903 0.147754 0.459348
0 0.915085 0.545501 0.166705 0.569655
0 0.604573 0.582888 0.129540 0.397109
0 0.409026 0.557311 0.106757 0.366121
0 0.195700 0.521223 0.106755 0.365118
0 0.736782 0.535778 0.099439 0.430562
0 0.306364 0.566166 0.109100 0.323141
0 0.817731 0.518599 0.100783 0.460551
0 0.661637 0.534109 0.089217 0.408697
0 0.508434 0.548118 0.112159 0.367981
0 0.176648 0.335049 0.102787 0.145825
0 0.968224 0.321607 0.060427 0.140308
0 0.528594 0.350794 0.122630 0.204886
0 0.635572 0.333350 0.105954 0.130949
0 0.727534 0.335735 0.096007 0.164626
0 0.411891 0.388603 0.110713 0.139198
0 0.346565 0.378040 0.076163 0.157729
0 0.252557 0.366658 0.059468 0.125123
0 0.984029 0.613447 0.028816 0.328263