0 0.190986 0.780288 0.139529 0.186844
0 0.898325 0.736829 0.142985 0.270871
0 0.043037 0.768854 0.085607 0.209490
0 0.747755 0.754743 0.077140 0.239935
0 0.455253 0.777241 0.070797 0.193322
0 0.977344 0.728495 0.042187 0.285894
0 0.709715 0.762177 0.086522 0.224650
0 0.289100 0.786067 0.080274 0.175867
0 0.549877 0.775244 0.069283 0.195102
0 0.592966 0.781036 0.058765 0.184391
0 0.410447 0.772834 0.047311 0.178665
0 0.093037 0.764069 0.033782 0.136365
0 0.347092 0.805810 0.071754 0.137676
0 0.670758 0.762281 0.026133 0.222406