0 0.093420 0.529311 0.060845 0.186699
0 0.153712 0.527240 0.069606 0.188120
0 0.802066 0.526402 0.070488 0.198845
0 0.226072 0.515554 0.060723 0.200104
0 0.915612 0.536785 0.066559 0.172821
0 0.278909 0.524933 0.056907 0.183220
0 0.325668 0.514556 0.064672 0.195094
0 0.863824 0.532380 0.057020 0.179670
0 0.701199 0.529974 0.051719 0.177236
0 0.436665 0.523053 0.057567 0.180781
0 0.381361 0.522012 0.055356 0.191833
0 0.746450 0.531117 0.047704 0.183601
0 0.618973 0.531602 0.051527 0.165463
0 0.660905 0.526261 0.051305 0.182043
0 0.486249 0.518088 0.052992 0.184484
0 0.573955 0.520154 0.054344 0.181033
0 0.528930 0.507555 0.062226 0.203296