0 0.593249 0.592108 0.254940 0.550454
0 0.111137 0.613783 0.210581 0.512045
0 0.346374 0.621761 0.255256 0.490272
0 0.856556 0.606675 0.252712 0.521171
0 0.029521 0.398230 0.058937 0.138708
0 0.529667 0.389299 0.108757 0.246791
0 0.951217 0.360440 0.049432 0.096377
0 0.019659 0.637839 0.039101 0.237871
0 0.975702 0.340032 0.041161 0.064469
0 0.297902 0.426312 0.128404 0.203620
0 0.166395 0.479349 0.085172 0.248323
0 0.851872 0.327717 0.030605 0.048344
0 0.024460 0.563851 0.048289 0.389292
0 0.526907 0.493775 0.117851 0.455252