0 0.905857 0.598671 0.112058 0.407144
0 0.736638 0.611556 0.107974 0.358045
0 0.826276 0.607067 0.102268 0.373403
0 0.338970 0.616620 0.112689 0.408259
0 0.156536 0.646329 0.130312 0.449628
0 0.640083 0.611049 0.091326 0.361246
0 0.456774 0.625046 0.114580 0.381368
0 0.246955 0.625040 0.105040 0.412739
0 0.570472 0.599639 0.073398 0.350711
0 0.272552 0.426328 0.079284 0.140780
0 0.777279 0.433442 0.063416 0.125085
0 0.509881 0.600428 0.081081 0.373298
0 0.402143 0.591632 0.077597 0.401950
0 0.690091 0.452737 0.057116 0.130700
0 0.363157 0.429422 0.046481 0.097487
0 0.521266 0.415611 0.081394 0.132579