0 0.086224 0.564155 0.171015 0.329125
0 0.880780 0.478627 0.158166 0.281567
0 0.136812 0.449465 0.118029 0.286432
0 0.682521 0.741291 0.189367 0.245245
0 0.388949 0.710240 0.184404 0.308953
0 0.457688 0.580468 0.130742 0.307470
0 0.921940 0.317895 0.152995 0.209459
0 0.575704 0.642637 0.146888 0.410677
0 0.643181 0.416522 0.129716 0.267958
0 0.374054 0.437680 0.112476 0.256280
0 0.271036 0.395222 0.082017 0.278176
0 0.737857 0.340210 0.088718 0.216300
0 0.235692 0.430064 0.108575 0.270076
0 0.479136 0.421430 0.112431 0.253429
0 0.753988 0.486901 0.132118 0.134415
0 0.541956 0.372416 0.091773 0.193797
0 0.805550 0.288877 0.075161 0.135715
0 0.566399 0.282415 0.096586 0.139797
0 0.988011 0.400670 0.020853 0.085137