0 0.831628 0.570792 0.333619 0.505669
0 0.099584 0.580002 0.193593 0.502482
0 0.434295 0.426293 0.182869 0.222217
0 0.301390 0.443516 0.082318 0.136187
0 0.232471 0.421131 0.135261 0.200644
0 0.031802 0.575472 0.062830 0.490919
0 0.810628 0.432865 0.041453 0.105433
0 0.513963 0.395301 0.061731 0.066427
0 0.555727 0.438170 0.112218 0.147368
0 0.596636 0.506989 0.435427 0.589656
0 0.841709 0.456018 0.067383 0.110122
0 0.781040 0.411067 0.030357 0.058211
0 0.577264 0.405522 0.068428 0.081823
0 0.597008 0.425812 0.429605 0.296611