0 0.114418 0.580787 0.228405 0.327125
0 0.489351 0.474626 0.108677 0.129230
0 0.315427 0.476053 0.116538 0.141977
0 0.893895 0.571876 0.209084 0.290041
0 0.732320 0.505367 0.139399 0.157701
0 0.670465 0.480609 0.124764 0.139560
0 0.043484 0.774186 0.086487 0.085725
0 0.269345 0.503691 0.147854 0.161214
0 0.826003 0.549313 0.277255 0.266764
0 0.231565 0.523245 0.193673 0.218723
0 0.813216 0.512721 0.160782 0.205605
0 0.929117 0.755378 0.138641 0.121951
0 0.948683 0.775550 0.099510 0.082542
0 0.799755 0.498201 0.078232 0.183034