0 0.877432 0.561865 0.097338 0.175805
0 0.187148 0.647815 0.157206 0.364509
0 0.953099 0.653319 0.090678 0.353231
0 0.680533 0.549164 0.065815 0.167322
0 0.055805 0.628817 0.110937 0.398523
0 0.619044 0.525122 0.043996 0.106827
0 0.426122 0.511615 0.034268 0.079502
0 0.556834 0.511632 0.029880 0.081514
0 0.368885 0.516289 0.033145 0.092169
0 0.398160 0.518810 0.028827 0.074816
0 0.238634 0.553011 0.093199 0.232181
0 0.581620 0.502678 0.025274 0.070553
0 0.092243 0.505647 0.061942 0.108935
0 0.509477 0.491644 0.022594 0.067511
0 0.336930 0.515293 0.025666 0.089706
0 0.536108 0.486059 0.020229 0.054604