0 0.114525 0.536324 0.055212 0.097872
0 0.640938 0.511679 0.048822 0.101772
0 0.790131 0.497006 0.048999 0.116053
0 0.213794 0.523650 0.047102 0.105898
0 0.403226 0.511889 0.044971 0.110463
0 0.357819 0.516022 0.050251 0.108187
0 0.307433 0.521524 0.056710 0.094976
0 0.745954 0.500906 0.055239 0.112017
0 0.259880 0.525511 0.045923 0.099458
0 0.440785 0.513648 0.037977 0.099400
0 0.170907 0.525593 0.053738 0.106729
0 0.693275 0.500498 0.056792 0.118086
0 0.596999 0.512047 0.046800 0.099263
0 0.885113 0.495585 0.062944 0.126699
0 0.518745 0.507690 0.048345 0.112945