0 0.102755 0.588115 0.159447 0.477273
0 0.248939 0.593349 0.143255 0.448880
0 0.595075 0.590570 0.127540 0.448470
0 0.904271 0.557767 0.137927 0.429798
0 0.367740 0.602952 0.122860 0.429541
0 0.831298 0.583996 0.116177 0.417553
0 0.755591 0.579069 0.118036 0.443635
0 0.511626 0.574344 0.144173 0.427031
0 0.680669 0.588184 0.093706 0.441430
0 0.424418 0.575568 0.080817 0.413201
0 0.180374 0.588443 0.083005 0.446156
0 0.560398 0.391549 0.057151 0.105856
0 0.782024 0.394699 0.036739 0.073897
0 0.702988 0.390180 0.055843 0.097629
0 0.288871 0.416079 0.052113 0.093722