0 0.351692 0.735186 0.061460 0.203632
0 0.791071 0.678370 0.029548 0.087580
0 0.213914 0.723914 0.071343 0.204170
0 0.872470 0.665380 0.031133 0.075651
0 0.593193 0.679487 0.030723 0.115061
0 0.531651 0.683439 0.040939 0.135593
0 0.562823 0.676416 0.033073 0.111821
0 0.745101 0.649819 0.016990 0.051565
0 0.770313 0.635501 0.013700 0.037187
0 0.723681 0.648141 0.018210 0.051007
0 0.465981 0.671631 0.030583 0.119895
0 0.423495 0.685207 0.046242 0.113319
0 0.184070 0.770151 0.039725 0.113845
0 0.502024 0.670561 0.032316 0.125847