0 0.754091 0.544848 0.123026 0.305770
0 0.372891 0.567058 0.088491 0.298677
0 0.509117 0.588846 0.101929 0.276236
0 0.048835 0.505725 0.079912 0.230454
0 0.925905 0.578536 0.104174 0.375710
0 0.310769 0.498438 0.074521 0.220371
0 0.226657 0.499040 0.085797 0.222330
0 0.107934 0.446688 0.030627 0.098954
0 0.134971 0.453959 0.043924 0.108715
0 0.454175 0.487074 0.073543 0.177033
0 0.857347 0.445476 0.066880 0.141583
0 0.181545 0.449450 0.036678 0.112752
0 0.620652 0.465100 0.052990 0.130564
0 0.961396 0.565788 0.066368 0.220999
0 0.600613 0.407295 0.036261 0.060323