0 0.897576 0.451785 0.065747 0.228941
0 0.139204 0.409592 0.070902 0.173098
0 0.843151 0.456804 0.057946 0.207947
0 0.801941 0.451044 0.046506 0.206228
0 0.254706 0.414855 0.054388 0.169653
0 0.350961 0.418896 0.059170 0.166342
0 0.722688 0.419910 0.060722 0.175761
0 0.768570 0.430212 0.052966 0.152946
0 0.299205 0.424097 0.061116 0.152388
0 0.208095 0.418446 0.057708 0.159462
0 0.643758 0.416298 0.059217 0.178428
0 0.565028 0.418006 0.053709 0.173126
0 0.444001 0.419690 0.056991 0.166369
0 0.523521 0.426446 0.045683 0.156861
0 0.685608 0.423741 0.037264 0.165203
0 0.395487 0.421610 0.047647 0.159838
0 0.600513 0.428382 0.046149 0.155258
0 0.179244 0.421596 0.034918 0.153679