0 0.981254 0.727765 0.034367 0.113068
0 0.737584 0.720183 0.047542 0.103457
0 0.857481 0.715785 0.026428 0.077657
0 0.805133 0.714924 0.032316 0.070076
0 0.667833 0.714361 0.042638 0.081267
0 0.201253 0.714295 0.026150 0.086897
0 0.107415 0.729099 0.051103 0.102569
0 0.257981 0.711249 0.033587 0.080370
0 0.516190 0.707169 0.030872 0.081137
0 0.288141 0.709432 0.022368 0.073874
0 0.313518 0.728277 0.043075 0.099499
0 0.924073 0.707692 0.022499 0.065549
0 0.946513 0.722931 0.028833 0.075233
0 0.462306 0.704842 0.030903 0.066762
0 0.585444 0.741226 0.050462 0.073940
0 0.904949 0.709162 0.019981 0.060266
0 0.227518 0.713185 0.036570 0.081552
0 0.626257 0.715786 0.042306 0.094178
0 0.240491 0.707846 0.018964 0.075621
0 0.045237 0.713558 0.029921 0.067235
0 0.502041 0.704274 0.017860 0.078319
0 0.588514 0.692525 0.022998 0.053089
0 0.760778 0.711266 0.034848 0.083362