0 0.604844 0.744193 0.045629 0.131241
0 0.216488 0.733513 0.031407 0.082686
0 0.538414 0.740112 0.049407 0.115189
0 0.371106 0.730613 0.038094 0.093589
0 0.482648 0.726558 0.037838 0.115927
0 0.945806 0.718557 0.058318 0.097280
0 0.081364 0.735181 0.034312 0.121988
0 0.240360 0.723927 0.024329 0.069767
0 0.683741 0.706963 0.027509 0.062918
0 0.821250 0.702256 0.032325 0.076245
0 0.262325 0.722445 0.021175 0.066593
0 0.985232 0.722930 0.026412 0.123942
0 0.750564 0.721537 0.029137 0.084427
0 0.896836 0.705471 0.048537 0.090042
0 0.722662 0.708015 0.028580 0.064566
0 0.966814 0.676141 0.021880 0.045796