0 0.237312 0.463203 0.305916 0.399936
0 0.488813 0.544489 0.294305 0.556197
0 0.773679 0.552085 0.354916 0.540878
0 0.057260 0.377851 0.113683 0.414971
0 0.366829 0.279848 0.095050 0.198906
0 0.934046 0.393055 0.128737 0.310390
0 0.432374 0.289049 0.134857 0.178852
0 0.688097 0.234282 0.074558 0.108333
0 0.837365 0.354189 0.146701 0.276233
0 0.758181 0.233513 0.081225 0.124685
0 0.895629 0.238433 0.065191 0.103716
0 0.512983 0.229321 0.079753 0.105616
0 0.219966 0.223580 0.055656 0.092298
0 0.605579 0.307417 0.123195 0.202177
0 0.155662 0.284304 0.136224 0.227304
0 0.576447 0.235888 0.063952 0.083075
0 0.866727 0.211200 0.056201 0.072178
0 0.338788 0.226435 0.071170 0.113817