0 0.337816 0.638429 0.062840 0.190832
0 0.243953 0.608285 0.050441 0.152723
0 0.199024 0.600561 0.057960 0.166490
0 0.767581 0.597153 0.032184 0.105273
0 0.298060 0.594311 0.043084 0.117202
0 0.454997 0.581991 0.028758 0.085571
0 0.176477 0.587619 0.042285 0.142159
0 0.849632 0.601429 0.042652 0.106647
0 0.797835 0.592936 0.034615 0.090851
0 0.435814 0.581479 0.026250 0.088955
0 0.497767 0.576395 0.026771 0.078600
0 0.517276 0.577884 0.021851 0.070664
0 0.412972 0.581134 0.027428 0.084284
0 0.375720 0.564062 0.028597 0.074310