0 0.521048 0.528785 0.116835 0.333884
0 0.696706 0.587301 0.160785 0.426460
0 0.876220 0.588394 0.143118 0.398941
0 0.940033 0.576301 0.107716 0.408460
0 0.196568 0.512784 0.100810 0.291275
0 0.419959 0.527001 0.102229 0.261605
0 0.796563 0.596373 0.089643 0.395108
0 0.331214 0.528104 0.102264 0.292266
0 0.051648 0.513488 0.102908 0.258869
0 0.360907 0.511532 0.070632 0.295708
0 0.121113 0.452064 0.056241 0.139908
0 0.461219 0.506356 0.065522 0.319487
0 0.120607 0.512883 0.060227 0.262097
0 0.630361 0.564998 0.072019 0.364158
0 0.254805 0.515998 0.058836 0.286310