0 0.740008 0.718524 0.057479 0.135178
0 0.836975 0.718388 0.062188 0.140230
0 0.155450 0.756938 0.077339 0.155368
0 0.215189 0.762337 0.050757 0.143008
0 0.970297 0.760210 0.056281 0.144635
0 0.913221 0.745503 0.065888 0.142246
0 0.284632 0.628407 0.036005 0.088384
0 0.791573 0.625031 0.024130 0.095098
0 0.041862 0.768878 0.046261 0.124926
0 0.699224 0.621672 0.023280 0.076186
0 0.639158 0.622594 0.031617 0.085388
0 0.980978 0.680136 0.034918 0.064981
0 0.156569 0.666158 0.036986 0.076884
0 0.772750 0.621043 0.026394 0.088198
0 0.810658 0.611979 0.023503 0.079163
0 0.676207 0.620433 0.023743 0.075905
0 0.192597 0.640867 0.034279 0.095971