0 0.151833 0.521520 0.115922 0.206506
0 0.259912 0.526631 0.115920 0.245950
0 0.858047 0.603546 0.086979 0.266802
0 0.428450 0.590306 0.079060 0.240445
0 0.503451 0.592098 0.077071 0.247894
0 0.948453 0.607992 0.075369 0.258453
0 0.699266 0.595797 0.075344 0.263536
0 0.574857 0.596746 0.069125 0.247508
0 0.048716 0.546348 0.086011 0.185449
0 0.336477 0.577788 0.061955 0.241409
0 0.641216 0.590206 0.072127 0.255427
0 0.771107 0.605486 0.078232 0.238619
0 0.910847 0.587824 0.059039 0.262506
0 0.983593 0.608441 0.029688 0.257273
0 0.012214 0.499526 0.024350 0.078870
0 0.383088 0.592053 0.057873 0.224250
0 0.011839 0.558230 0.023679 0.195822