0 0.648251 0.741204 0.121032 0.181612
0 0.819509 0.750129 0.095830 0.165669
0 0.966547 0.748487 0.063780 0.169353
0 0.311655 0.753317 0.100745 0.161069
0 0.566514 0.750177 0.061597 0.166404
0 0.088396 0.750672 0.052219 0.165688
0 0.386347 0.752094 0.074291 0.160373
0 0.715693 0.744636 0.081343 0.170013
0 0.183854 0.748599 0.051326 0.169521
0 0.934338 0.756304 0.054487 0.154835
0 0.135816 0.751537 0.052712 0.161861
0 0.449222 0.748087 0.081215 0.169386
0 0.239996 0.748884 0.064335 0.163745
0 0.515637 0.752995 0.051164 0.157293
0 0.023469 0.757376 0.046587 0.145403