0 0.932793 0.563519 0.131288 0.411659
0 0.800269 0.527349 0.139088 0.394692
0 0.151321 0.561588 0.128954 0.363199
0 0.712147 0.548286 0.110821 0.367959
0 0.523728 0.532830 0.104074 0.370405
0 0.345655 0.531078 0.098856 0.339047
0 0.075048 0.540143 0.116663 0.403023
0 0.615828 0.562298 0.090299 0.327239
0 0.262620 0.521684 0.103663 0.392403
0 0.431857 0.565545 0.088704 0.296142
0 0.201643 0.520206 0.067639 0.360120
0 0.659650 0.521015 0.060215 0.324792
0 0.304360 0.378098 0.047024 0.095530
0 0.569662 0.406707 0.066664 0.117954