0 0.154346 0.626767 0.178349 0.340320
0 0.442974 0.515697 0.051321 0.150285
0 0.767131 0.533038 0.074917 0.263959
0 0.248098 0.522357 0.070747 0.207248
0 0.896984 0.495992 0.059980 0.148629
0 0.827262 0.477249 0.046966 0.116048
0 0.523815 0.518661 0.054370 0.199826
0 0.034191 0.469315 0.038545 0.102839
0 0.980420 0.586285 0.036036 0.200193
0 0.613487 0.483394 0.045794 0.130378
0 0.334441 0.480393 0.035428 0.122626
0 0.552005 0.496878 0.042660 0.159120
0 0.707544 0.463355 0.033193 0.097269
0 0.491175 0.510737 0.031435 0.137609