0 0.962911 0.521772 0.071053 0.258934
0 0.589087 0.593756 0.107805 0.239210
0 0.120106 0.582348 0.108788 0.309383
0 0.672684 0.596312 0.083171 0.191817
0 0.752591 0.605230 0.090304 0.175757
0 0.831031 0.525369 0.093287 0.292179
0 0.297703 0.505148 0.085524 0.147332
0 0.015136 0.465298 0.030141 0.110114
0 0.534711 0.476283 0.075798 0.148606
0 0.198007 0.568449 0.075917 0.280031
0 0.604535 0.476691 0.067652 0.114141
0 0.678541 0.497434 0.093614 0.145484
0 0.868738 0.506485 0.064059 0.273026
0 0.287233 0.646520 0.158226 0.152495
0 0.236289 0.479963 0.048071 0.152345
0 0.375353 0.514599 0.071281 0.159349