0 0.768874 0.587080 0.126873 0.377891
0 0.601843 0.551711 0.095823 0.303598
0 0.895672 0.557599 0.117958 0.358800
0 0.390564 0.480516 0.050350 0.166408
0 0.207511 0.455273 0.047120 0.099402
0 0.095750 0.480505 0.090158 0.322419
0 0.040817 0.470733 0.063046 0.228244
0 0.534951 0.525623 0.060414 0.257407
0 0.481555 0.507989 0.054656 0.206687
0 0.431582 0.499773 0.051238 0.175008
0 0.250459 0.436684 0.025422 0.079050
0 0.676301 0.450602 0.039220 0.130097
0 0.356218 0.479874 0.036390 0.147465
0 0.653791 0.534713 0.037726 0.192703
0 0.451924 0.451574 0.035085 0.119274
0 0.346561 0.480044 0.025626 0.134644