0 0.889428 0.678250 0.218019 0.282681
0 0.206954 0.447957 0.115691 0.116241
0 0.640533 0.478887 0.137213 0.157421
0 0.699515 0.510223 0.169311 0.171071
0 0.107129 0.515437 0.128321 0.174117
0 0.785943 0.573373 0.143532 0.242792
0 0.609026 0.452638 0.085026 0.122742
0 0.156778 0.463339 0.117986 0.138650
0 0.559931 0.417854 0.077652 0.068352
0 0.963688 0.503229 0.069500 0.206166
0 0.130461 0.424323 0.060432 0.059109
0 0.943898 0.475434 0.104542 0.144411
0 0.989745 0.419420 0.017385 0.043294
0 0.901344 0.464869 0.114500 0.139239
0 0.574935 0.438591 0.065325 0.093168