0 0.659991 0.626411 0.064785 0.162002
0 0.021988 0.621780 0.043784 0.119230
0 0.065116 0.626380 0.052433 0.106911
0 0.824336 0.594939 0.030513 0.092385
0 0.564469 0.603836 0.033976 0.092172
0 0.726145 0.608646 0.036909 0.092273
0 0.502305 0.602557 0.034212 0.103570
0 0.251511 0.619984 0.048988 0.079743
0 0.847816 0.589274 0.029146 0.093294
0 0.106538 0.608654 0.031275 0.086611
0 0.797467 0.587278 0.023389 0.069981
0 0.885213 0.589876 0.024645 0.075422
0 0.342463 0.627766 0.034195 0.058827
0 0.298393 0.622399 0.041375 0.075032
0 0.405123 0.619966 0.043318 0.072561
0 0.086956 0.610586 0.023597 0.078946
0 0.703586 0.574788 0.016056 0.045376
0 0.682619 0.603500 0.024748 0.109487
0 0.384432 0.587191 0.019050 0.055435