0 0.235213 0.576946 0.155018 0.511775
0 0.477593 0.514502 0.493070 0.626132
0 0.761442 0.566127 0.144497 0.529396
0 0.956195 0.452648 0.084485 0.244161
0 0.479419 0.336446 0.086060 0.155116
0 0.879534 0.511906 0.108049 0.357717
0 0.133451 0.504474 0.130960 0.488969
0 0.041968 0.528818 0.083235 0.570488
0 0.336079 0.371646 0.053902 0.080081
0 0.647832 0.315230 0.043513 0.038229
0 0.822877 0.427243 0.035652 0.052900
0 0.392143 0.578659 0.309736 0.499660
0 0.857647 0.633413 0.073252 0.110316
0 0.387343 0.345863 0.085949 0.143219
0 0.358434 0.534954 0.073665 0.434356
0 0.955418 0.627364 0.086039 0.099516