0 0.953980 0.605264 0.088916 0.350759
0 0.682167 0.691580 0.183204 0.177652
0 0.477376 0.628309 0.094392 0.297812
0 0.395951 0.606538 0.109453 0.339342
0 0.054465 0.623906 0.108726 0.312090
0 0.125642 0.662152 0.154212 0.230460
0 0.826946 0.706989 0.175270 0.147307
0 0.795531 0.621111 0.138364 0.197805
0 0.318425 0.621543 0.113742 0.311997
0 0.875545 0.639777 0.125323 0.272728
0 0.564716 0.630366 0.106915 0.301724
0 0.663405 0.579015 0.118139 0.249373
0 0.228778 0.648644 0.133495 0.262670
0 0.140695 0.540212 0.073035 0.096692