0 0.041263 0.668088 0.082243 0.224035
0 0.869269 0.672491 0.088486 0.216566
0 0.738577 0.669329 0.072389 0.211462
0 0.797370 0.686483 0.067625 0.183124
0 0.488632 0.675435 0.051965 0.124116
0 0.965147 0.672347 0.066581 0.217538
0 0.214069 0.639483 0.047677 0.133848
0 0.399546 0.674652 0.043468 0.124688
0 0.542244 0.674636 0.054791 0.122206
0 0.277522 0.646124 0.048136 0.152661
0 0.114086 0.634072 0.047068 0.122399
0 0.689832 0.652295 0.053210 0.173713
0 0.149269 0.632994 0.051328 0.120888
0 0.576456 0.585231 0.041295 0.039763
0 0.343685 0.642432 0.032878 0.078945
0 0.177235 0.628532 0.030949 0.125268
0 0.367738 0.626645 0.027754 0.081134
0 0.083076 0.633977 0.028411 0.110927