0 0.335380 0.669240 0.040531 0.103114
0 0.297900 0.668099 0.039928 0.104629
0 0.061547 0.701078 0.052748 0.175179
0 0.876272 0.677805 0.041384 0.137378
0 0.773672 0.660744 0.029232 0.082032
0 0.373700 0.669650 0.034207 0.096823
0 0.168226 0.661700 0.024045 0.076526
0 0.799607 0.659554 0.028983 0.083515
0 0.240933 0.653273 0.017746 0.057100
0 0.920462 0.644846 0.019655 0.049190
0 0.225491 0.652764 0.021520 0.060644
0 0.010614 0.645074 0.017605 0.036937
0 0.027900 0.646171 0.017011 0.032245
0 0.208895 0.653619 0.015699 0.052407
0 0.828041 0.641810 0.016807 0.043698
0 0.729504 0.636640 0.021866 0.041561