0 0.098721 0.593925 0.197097 0.474193
0 0.233249 0.726942 0.251820 0.205870
0 0.578701 0.523756 0.115263 0.329566
0 0.292119 0.550718 0.134602 0.324727
0 0.777225 0.560556 0.117307 0.419493
0 0.470860 0.480991 0.118085 0.226982
0 0.703847 0.679017 0.229624 0.300485
0 0.925495 0.640598 0.145884 0.369230
0 0.444939 0.646993 0.195653 0.194962
0 0.652358 0.462173 0.084705 0.260339
0 0.605176 0.728654 0.169400 0.204531
0 0.416205 0.740106 0.196146 0.184604
0 0.864254 0.485429 0.080185 0.273262
0 0.365467 0.471556 0.102895 0.190458
0 0.124188 0.391442 0.046711 0.121818
0 0.222744 0.529190 0.065178 0.253534
0 0.426100 0.408159 0.068727 0.149424