0 0.878045 0.720698 0.099266 0.177902
0 0.337870 0.751277 0.056477 0.150807
0 0.256516 0.765064 0.045278 0.136469
0 0.403034 0.757112 0.052171 0.151115
0 0.105297 0.766010 0.109300 0.131581
0 0.530645 0.745874 0.049722 0.171802
0 0.483665 0.746481 0.051851 0.164789
0 0.650000 0.697367 0.033407 0.092330
0 0.061265 0.758133 0.078784 0.145493
0 0.615466 0.709794 0.023897 0.062764
0 0.680561 0.698283 0.031300 0.083845
0 0.014383 0.771723 0.028748 0.116031
0 0.774313 0.699747 0.037531 0.097189
0 0.713461 0.698497 0.034958 0.076247
0 0.753103 0.696986 0.045958 0.098774