0 0.524047 0.578129 0.085264 0.112420
0 0.630825 0.558249 0.064021 0.095186
0 0.302538 0.530647 0.059026 0.112739
0 0.015574 0.584552 0.031048 0.123274
0 0.380411 0.584943 0.088749 0.096453
0 0.525851 0.467330 0.032647 0.086728
0 0.239549 0.522944 0.036284 0.100861
0 0.136969 0.480769 0.031327 0.087994
0 0.472692 0.461885 0.034470 0.087437
0 0.784800 0.409293 0.023459 0.093685
0 0.608046 0.477284 0.023397 0.082199
0 0.319103 0.438052 0.029852 0.074345
0 0.427924 0.467666 0.041500 0.089512
0 0.590949 0.435947 0.036114 0.067608
0 0.205700 0.452863 0.028443 0.131156