0 0.746970 0.560765 0.100560 0.251682
0 0.183947 0.547415 0.120278 0.277524
0 0.339685 0.563117 0.101572 0.241025
0 0.430148 0.548455 0.135878 0.276820
0 0.578851 0.564951 0.076493 0.241417
0 0.878921 0.562565 0.078500 0.245644
0 0.235231 0.534671 0.074764 0.302615
0 0.551861 0.537245 0.081132 0.290802
0 0.936300 0.540800 0.069618 0.246178
0 0.076490 0.543351 0.141411 0.280085
0 0.702710 0.510665 0.072128 0.259767
0 0.478032 0.549562 0.058648 0.269581
0 0.975124 0.541798 0.046627 0.266821
0 0.338707 0.423824 0.076577 0.141993
0 0.881422 0.464302 0.071576 0.161661