0 0.052749 0.599518 0.105057 0.368348
0 0.925181 0.637917 0.146513 0.427791
0 0.238259 0.646806 0.129209 0.411496
0 0.168980 0.577213 0.091729 0.346832
0 0.374049 0.637128 0.119607 0.372762
0 0.727041 0.672033 0.130557 0.360288
0 0.785473 0.595872 0.101684 0.359915
0 0.447530 0.641806 0.090600 0.359636
0 0.653895 0.639293 0.092999 0.351658
0 0.577253 0.615752 0.104398 0.371083
0 0.690746 0.485700 0.068280 0.115179
0 0.500329 0.591760 0.066831 0.320080
0 0.313822 0.629312 0.078636 0.361988
0 0.550347 0.440234 0.078486 0.109658
0 0.296166 0.451961 0.067990 0.093818
0 0.405823 0.451897 0.105969 0.109669
0 0.361486 0.434630 0.063513 0.089174