0 0.373139 0.626175 0.163215 0.408047
0 0.182888 0.613378 0.182804 0.431984
0 0.935786 0.630659 0.125302 0.394487
0 0.798563 0.550091 0.125434 0.339084
0 0.614184 0.650187 0.212317 0.358205
0 0.839735 0.660233 0.152730 0.336098
0 0.503419 0.462987 0.063973 0.163025
0 0.437919 0.469214 0.056797 0.148023
0 0.567156 0.465693 0.066164 0.196455
0 0.627613 0.483660 0.120916 0.138073
0 0.677624 0.426603 0.046597 0.107038
0 0.306608 0.564735 0.078410 0.360031
0 0.891210 0.423474 0.045895 0.125122
0 0.851739 0.414502 0.036269 0.107147
0 0.737030 0.426142 0.035107 0.119369