0 0.968924 0.631028 0.056907 0.123834
0 0.383982 0.698903 0.079154 0.208689
0 0.065277 0.616625 0.071559 0.083427
0 0.159956 0.605745 0.062022 0.096054
0 0.447379 0.654098 0.068438 0.185126
0 0.854282 0.642294 0.052258 0.154420
0 0.755948 0.692149 0.102603 0.202143
0 0.647477 0.649257 0.073074 0.141160
0 0.244444 0.640001 0.047284 0.144321
0 0.535594 0.644850 0.072013 0.153833
0 0.693004 0.603040 0.045857 0.102669
0 0.807610 0.636996 0.048289 0.131758
0 0.937008 0.568997 0.037844 0.088448
0 0.584126 0.605288 0.040676 0.114252
0 0.355356 0.625894 0.058825 0.142027
0 0.608511 0.602177 0.028399 0.100377
0 0.484547 0.574188 0.025155 0.077123