0 0.321469 0.623321 0.275998 0.359829
0 0.103208 0.629811 0.205930 0.342619
0 0.732193 0.623733 0.208998 0.355537
0 0.546157 0.539915 0.129055 0.353660
0 0.397775 0.521536 0.133026 0.272492
0 0.944873 0.530121 0.106839 0.315837
0 0.878171 0.490512 0.083169 0.262682
0 0.649678 0.549579 0.113126 0.315978
0 0.803752 0.470522 0.071836 0.180433
0 0.716815 0.407035 0.043416 0.088620
0 0.671524 0.414683 0.081033 0.135505
0 0.171006 0.533000 0.109702 0.180715
0 0.499470 0.489594 0.048843 0.259133
0 0.749251 0.411050 0.044278 0.100062