0 0.781932 0.708284 0.108865 0.275809
0 0.047333 0.728065 0.094047 0.301987
0 0.204578 0.714965 0.119083 0.334463
0 0.683521 0.689590 0.077210 0.229752
0 0.508153 0.685461 0.070894 0.249213
0 0.573432 0.685569 0.073600 0.230488
0 0.106816 0.722562 0.083680 0.311915
0 0.303968 0.705524 0.083042 0.294804
0 0.733437 0.655645 0.051966 0.174915
0 0.353927 0.690368 0.062993 0.231588
0 0.622999 0.669968 0.056003 0.183979
0 0.871869 0.612747 0.028355 0.074342
0 0.401934 0.680615 0.060050 0.199615
0 0.845963 0.609796 0.023336 0.070893
0 0.467381 0.685380 0.066779 0.229581
0 0.257885 0.682779 0.065792 0.216391