0 0.448737 0.559627 0.150552 0.536183
0 0.921192 0.472185 0.125095 0.379630
0 0.615929 0.501706 0.123330 0.469700
0 0.082146 0.555522 0.163878 0.609570
0 0.266445 0.605729 0.144430 0.530289
0 0.807145 0.469586 0.118958 0.412739
0 0.707349 0.469660 0.138517 0.442865
0 0.042429 0.756854 0.083902 0.229490
0 0.524204 0.522586 0.123207 0.506279
0 0.335890 0.529998 0.121682 0.540956
0 0.156319 0.608211 0.132350 0.511099
0 0.861375 0.295339 0.063271 0.138945
0 0.036427 0.536302 0.072572 0.221022
0 0.373312 0.340855 0.078511 0.179991