0 0.079132 0.582309 0.085447 0.290338
0 0.157607 0.556462 0.087809 0.287997
0 0.862407 0.550624 0.071654 0.266517
0 0.241346 0.560922 0.073836 0.258142
0 0.412947 0.554589 0.074767 0.264442
0 0.597413 0.557037 0.069453 0.237169
0 0.935693 0.542582 0.080619 0.259819
0 0.533931 0.563039 0.069201 0.236673
0 0.475280 0.560336 0.065550 0.248620
0 0.735456 0.540970 0.062632 0.244504
0 0.806989 0.566072 0.056582 0.215954
0 0.321650 0.559066 0.059976 0.225423
0 0.692351 0.538047 0.065551 0.241670
0 0.366330 0.558857 0.047542 0.228618
0 0.187989 0.527922 0.050744 0.248802
0 0.297006 0.536580 0.053741 0.248019