0 0.137122 0.808871 0.034847 0.047968
0 0.912190 0.786500 0.023012 0.060560
0 0.334056 0.793555 0.016807 0.043198
0 0.458203 0.802359 0.024578 0.036369
0 0.232913 0.812824 0.038819 0.040152
0 0.288680 0.805037 0.026350 0.053142
0 0.874052 0.790557 0.024757 0.051575
0 0.491407 0.802025 0.029422 0.034634
0 0.193082 0.812757 0.030955 0.041361
0 0.316933 0.794447 0.015583 0.043552
0 0.261905 0.810143 0.024686 0.040590
0 0.718384 0.781438 0.014192 0.036874
0 0.653786 0.807043 0.022927 0.034489
0 0.736185 0.783163 0.012750 0.032131