0 0.185433 0.608191 0.175109 0.341416
0 0.579766 0.607445 0.126377 0.331687
0 0.973132 0.550143 0.050611 0.135641
0 0.669168 0.557779 0.070965 0.157779
0 0.388261 0.615659 0.089640 0.265298
0 0.826468 0.555715 0.071726 0.176616
0 0.484895 0.548590 0.060144 0.161565
0 0.703337 0.543212 0.039168 0.115403
0 0.316062 0.535598 0.034864 0.096655
0 0.921718 0.547433 0.055456 0.144967
0 0.070105 0.539091 0.039585 0.119169
0 0.118029 0.513084 0.064335 0.124177
0 0.429860 0.519737 0.050153 0.117969
0 0.287897 0.536732 0.026632 0.083919
0 0.251736 0.527262 0.059756 0.114549
0 0.356765 0.525820 0.038512 0.076312
0 0.038519 0.536814 0.032756 0.105204