0 0.197971 0.545996 0.374960 0.563420
0 0.394026 0.618231 0.194917 0.421114
0 0.895922 0.650273 0.076289 0.202103
0 0.560647 0.629604 0.137330 0.400872
0 0.643634 0.641118 0.098539 0.331301
0 0.746455 0.654756 0.080786 0.292292
0 0.943646 0.643442 0.059091 0.175128
0 0.824867 0.638984 0.077541 0.240104
0 0.034464 0.613019 0.068477 0.423781
0 0.289095 0.650029 0.103350 0.347443
0 0.463032 0.649931 0.094574 0.314232
0 0.979723 0.665333 0.037430 0.135301
0 0.792228 0.674069 0.053401 0.185289
0 0.699863 0.619253 0.043430 0.139791