0 0.963238 0.598207 0.070399 0.265550
0 0.648043 0.568986 0.076185 0.231271
0 0.768997 0.617567 0.143335 0.346286
0 0.539705 0.558570 0.093565 0.250590
0 0.460688 0.546041 0.073659 0.185932
0 0.813126 0.555598 0.065391 0.245310
0 0.400949 0.552150 0.049904 0.163761
0 0.618523 0.553555 0.037116 0.193640
0 0.071593 0.516819 0.029829 0.090437
0 0.356777 0.546007 0.048030 0.156540
0 0.319909 0.522477 0.048872 0.128666
0 0.191604 0.507201 0.030925 0.112214
0 0.099194 0.504028 0.041857 0.109480
0 0.727949 0.569881 0.070901 0.274581
0 0.216019 0.501416 0.030241 0.122204
0 0.267923 0.527570 0.045575 0.135266
0 0.237524 0.503821 0.029787 0.117531
0 0.154805 0.523445 0.031879 0.085766