0 0.801353 0.471115 0.102360 0.137137
0 0.553337 0.532667 0.082246 0.091520
0 0.114161 0.710006 0.227749 0.243148
0 0.448915 0.528483 0.085028 0.092358
0 0.632836 0.530629 0.070398 0.097716
0 0.190825 0.652458 0.166309 0.197975
0 0.097062 0.506805 0.098691 0.200678
0 0.711402 0.586719 0.112342 0.146812
0 0.364186 0.565957 0.135268 0.137799
0 0.897028 0.706877 0.202820 0.247207
0 0.766080 0.619568 0.131220 0.209816
0 0.838884 0.651551 0.113074 0.228733
0 0.660883 0.565145 0.137641 0.128901
0 0.261076 0.593421 0.081187 0.152997