0 0.113179 0.686150 0.220403 0.255305
0 0.896569 0.678818 0.129845 0.273079
0 0.518618 0.669088 0.121522 0.289097
0 0.721346 0.673617 0.113076 0.285151
0 0.623784 0.670590 0.109630 0.295257
0 0.304976 0.673028 0.141965 0.288116
0 0.414974 0.675413 0.110801 0.278522
0 0.790910 0.673868 0.101557 0.280041
0 0.808845 0.532826 0.098534 0.157079
0 0.253444 0.527360 0.106874 0.193240
0 0.578205 0.499764 0.111640 0.192825
0 0.913532 0.546730 0.119626 0.159703
0 0.412534 0.529701 0.104882 0.153727
0 0.726464 0.517837 0.079960 0.163643
0 0.333294 0.519169 0.095350 0.141028
0 0.656090 0.524612 0.069260 0.152399
0 0.499036 0.528055 0.100219 0.152845
0 0.469646 0.452658 0.090370 0.133379