0 0.532566 0.499180 0.450117 0.567526
0 0.803995 0.628450 0.313450 0.362491
0 0.840553 0.343705 0.184948 0.325498
0 0.384877 0.775278 0.269505 0.143957
0 0.092026 0.507641 0.180913 0.633235
0 0.223584 0.552520 0.270118 0.545376
0 0.619901 0.265634 0.070480 0.125127
0 0.034619 0.446969 0.068361 0.474245
0 0.929285 0.329710 0.067303 0.199443
0 0.680094 0.375714 0.111802 0.209420
0 0.175939 0.302681 0.070702 0.183528
0 0.729991 0.316296 0.082825 0.195778
0 0.758118 0.239995 0.072141 0.126468
0 0.686258 0.229548 0.064371 0.112498