0 0.864773 0.585235 0.068993 0.188147
0 0.212928 0.588307 0.054009 0.200692
0 0.035242 0.590706 0.062005 0.213297
0 0.160982 0.593152 0.065574 0.197287
0 0.111572 0.581564 0.058935 0.210152
0 0.418325 0.589083 0.053485 0.189069
0 0.758062 0.580615 0.054187 0.183521
0 0.071773 0.574795 0.055907 0.221026
0 0.947121 0.579550 0.051744 0.200968
0 0.257161 0.582091 0.048042 0.194002
0 0.656639 0.582757 0.047772 0.176076
0 0.697265 0.585584 0.046986 0.169795
0 0.304549 0.585136 0.055543 0.200355
0 0.527963 0.567014 0.059504 0.227863
0 0.606744 0.582179 0.040191 0.175467
0 0.808093 0.580579 0.044393 0.187908
0 0.902385 0.578856 0.046730 0.192512