0 0.075977 0.528941 0.107268 0.374237
0 0.153707 0.511914 0.092258 0.326308
0 0.382721 0.510695 0.110607 0.258915
0 0.780116 0.523132 0.127331 0.268713
0 0.964635 0.515276 0.067605 0.269715
0 0.514485 0.497767 0.064210 0.221602
0 0.291498 0.475682 0.058543 0.167903
0 0.614097 0.487270 0.069127 0.244482
0 0.448245 0.498313 0.078234 0.235446
0 0.563881 0.481722 0.073881 0.221284
0 0.907063 0.544372 0.098592 0.266315
0 0.737719 0.512348 0.069453 0.227567
0 0.690930 0.496067 0.071118 0.222557
0 0.839439 0.497455 0.062788 0.272168
0 0.907059 0.410624 0.058856 0.082108