0 0.652016 0.629932 0.122195 0.327464
0 0.065951 0.522910 0.131384 0.408416
0 0.108210 0.607744 0.139067 0.365639
0 0.891183 0.454004 0.128138 0.228909
0 0.772350 0.632818 0.122807 0.338149
0 0.391714 0.620902 0.125877 0.361867
0 0.519384 0.633122 0.132183 0.344496
0 0.241889 0.617192 0.124811 0.325842
0 0.884746 0.648630 0.125821 0.291821
0 0.300338 0.535392 0.106514 0.383066
0 0.655369 0.453076 0.105974 0.183969
0 0.433676 0.455049 0.096625 0.209056
0 0.555048 0.558043 0.093803 0.374839
0 0.186266 0.527084 0.094736 0.373496
0 0.763900 0.460232 0.117488 0.187471