0 0.574397 0.770232 0.077692 0.206409
0 0.710256 0.787272 0.107956 0.173394
0 0.044395 0.774628 0.049176 0.196462
0 0.377364 0.769527 0.084888 0.210038
0 0.963015 0.775014 0.070844 0.191357
0 0.279008 0.760186 0.060222 0.197149
0 0.634152 0.775088 0.057801 0.187726
0 0.323236 0.771099 0.062225 0.187624
0 0.233639 0.784524 0.060566 0.180133
0 0.190104 0.776541 0.055479 0.173702
0 0.139943 0.791405 0.077705 0.164305
0 0.469795 0.745824 0.059186 0.136844
0 0.095341 0.771760 0.060087 0.202545
0 0.860786 0.779264 0.123281 0.184104
0 0.769847 0.725465 0.038617 0.126336