0 0.953427 0.493422 0.090021 0.259975
0 0.083938 0.618424 0.167447 0.394854
0 0.372345 0.606398 0.152427 0.411942
0 0.512241 0.598670 0.249482 0.427479
0 0.192968 0.600481 0.127624 0.273871
0 0.892471 0.497174 0.164396 0.263613
0 0.650087 0.438356 0.068172 0.135087
0 0.780357 0.448268 0.078816 0.129042
0 0.252160 0.516959 0.078350 0.167804
0 0.029693 0.749662 0.058872 0.161371
0 0.100723 0.473162 0.084558 0.119041
0 0.563627 0.452052 0.126407 0.128712
0 0.579644 0.543096 0.164026 0.311518
0 0.281765 0.418544 0.039730 0.045217
0 0.685253 0.550240 0.178890 0.331452