0 0.936369 0.642612 0.124138 0.312947
0 0.209902 0.653982 0.141016 0.350163
0 0.113703 0.625960 0.101660 0.287264
0 0.723363 0.633847 0.094975 0.323906
0 0.305696 0.634835 0.103020 0.295701
0 0.374872 0.622796 0.086658 0.275481
0 0.577859 0.614409 0.074784 0.221400
0 0.875586 0.628778 0.087988 0.259380
0 0.448923 0.627825 0.065561 0.224196
0 0.791567 0.612794 0.081110 0.268328
0 0.509764 0.617915 0.067705 0.218454
0 0.656812 0.613788 0.063759 0.248063
0 0.613656 0.608712 0.045495 0.223812
0 0.019181 0.552485 0.036992 0.046406