0 0.524701 0.603881 0.120784 0.352363
0 0.901795 0.607658 0.193285 0.442480
0 0.167931 0.603280 0.093762 0.369941
0 0.777763 0.600671 0.115788 0.427149
0 0.270532 0.582220 0.074724 0.315575
0 0.369413 0.585457 0.101123 0.292901
0 0.447409 0.564658 0.076287 0.263788
0 0.974502 0.541867 0.047872 0.151910
0 0.662510 0.575182 0.100191 0.271478
0 0.074270 0.564665 0.068537 0.196697
0 0.115054 0.535477 0.049433 0.166573
0 0.593175 0.554286 0.048751 0.188568
0 0.029158 0.615181 0.057845 0.424325
0 0.720293 0.566598 0.063376 0.254022
0 0.631199 0.572568 0.053924 0.262524
0 0.026356 0.513687 0.050693 0.110761
0 0.329413 0.583993 0.052292 0.249867