0 0.824045 0.481111 0.069709 0.194123
0 0.737667 0.482554 0.086092 0.170066
0 0.021894 0.512366 0.043623 0.156442
0 0.576873 0.484772 0.085260 0.185656
0 0.935869 0.471652 0.039302 0.117613
0 0.978975 0.474353 0.038926 0.124955
0 0.361648 0.497453 0.066172 0.186557
0 0.472689 0.486651 0.062652 0.171736
0 0.251741 0.494063 0.079485 0.202158
0 0.132146 0.491858 0.050432 0.177081
0 0.419797 0.491089 0.053659 0.164625
0 0.308302 0.491496 0.052415 0.178850
0 0.185684 0.479896 0.049278 0.181432
0 0.530687 0.485862 0.046139 0.164770
0 0.764859 0.478703 0.029705 0.125058