0 0.579919 0.786660 0.119440 0.174218
0 0.189792 0.753555 0.091115 0.240258
0 0.826707 0.693545 0.074192 0.183010
0 0.702491 0.692809 0.065882 0.170318
0 0.069960 0.704819 0.048083 0.164950
0 0.108822 0.690053 0.044464 0.148125
0 0.345015 0.665754 0.033881 0.124371
0 0.957811 0.676346 0.068058 0.141173
0 0.407091 0.657694 0.042842 0.120757
0 0.569732 0.684873 0.057358 0.126215
0 0.316085 0.671524 0.036141 0.132129
0 0.023728 0.737945 0.047339 0.234599
0 0.620333 0.700992 0.048682 0.149043
0 0.875628 0.651839 0.050762 0.151112
0 0.148832 0.691865 0.040561 0.149548