0 0.618900 0.609466 0.124954 0.364931
0 0.861858 0.557855 0.127740 0.347563
0 0.183874 0.637081 0.160159 0.385956
0 0.717231 0.578351 0.105396 0.359377
0 0.091191 0.607378 0.118735 0.385966
0 0.378275 0.540199 0.079655 0.271968
0 0.948607 0.547014 0.099661 0.296681
0 0.538694 0.571873 0.089016 0.329397
0 0.259095 0.608062 0.093544 0.369707
0 0.451722 0.547708 0.089957 0.365964
0 0.298747 0.515956 0.071193 0.266215
0 0.752257 0.539907 0.074944 0.320539
0 0.013917 0.405019 0.027765 0.081280
0 0.032908 0.547218 0.065661 0.303835
0 0.607550 0.425687 0.074873 0.120779
0 0.183721 0.431766 0.084504 0.129977