0 0.942723 0.521259 0.111429 0.542571
0 0.120852 0.560073 0.162546 0.515021
0 0.706915 0.533135 0.148767 0.480109
0 0.519851 0.520042 0.160967 0.528345
0 0.204045 0.537784 0.114015 0.490722
0 0.390397 0.528812 0.128814 0.507069
0 0.311375 0.533683 0.123823 0.500818
0 0.816601 0.523719 0.130882 0.472537
0 0.614540 0.538391 0.075402 0.474141
0 0.905385 0.517778 0.085767 0.493027
0 0.253294 0.347823 0.042790 0.075363
0 0.082108 0.334292 0.096142 0.155908
0 0.453718 0.335067 0.043426 0.087461
0 0.355862 0.323724 0.032780 0.061272
0 0.917401 0.348628 0.059745 0.156585
0 0.269561 0.330053 0.034443 0.059675