0 0.196631 0.639618 0.105068 0.289602
0 0.510316 0.668597 0.105256 0.256110
0 0.973363 0.688961 0.050149 0.217298
0 0.402975 0.654036 0.099341 0.257942
0 0.111173 0.656813 0.084331 0.282804
0 0.292035 0.663297 0.089613 0.216935
0 0.583762 0.660354 0.079461 0.251889
0 0.084375 0.510835 0.041134 0.070965
0 0.708200 0.677811 0.067701 0.241794
0 0.654366 0.663365 0.083914 0.226477
0 0.065937 0.656362 0.043781 0.218846
0 0.880542 0.654941 0.075145 0.228392
0 0.755888 0.666889 0.055216 0.238923
0 0.473466 0.563949 0.050277 0.086348
0 0.357695 0.637257 0.057205 0.211168
0 0.446696 0.643425 0.053310 0.249319
0 0.041718 0.510028 0.039413 0.074739
0 0.015319 0.513843 0.030118 0.074918
0 0.872898 0.516306 0.051435 0.071062
0 0.752765 0.608416 0.046702 0.127325