0 0.373649 0.603722 0.161690 0.356454
0 0.797543 0.612551 0.130014 0.389962
0 0.686883 0.602183 0.116782 0.352555
0 0.920392 0.580335 0.083128 0.224924
0 0.579856 0.571849 0.101883 0.298453
0 0.137350 0.622119 0.090021 0.293422
0 0.236850 0.611246 0.102317 0.308849
0 0.461164 0.577214 0.061774 0.275309
0 0.500934 0.612332 0.078224 0.309794
0 0.318308 0.546888 0.044640 0.160011
0 0.274799 0.542095 0.047805 0.168058
0 0.198969 0.590128 0.049290 0.266764
0 0.843247 0.558656 0.066247 0.242214
0 0.893944 0.492293 0.053590 0.117612