0 0.796390 0.463505 0.045393 0.133810
0 0.700618 0.474090 0.035481 0.108695
0 0.642093 0.477850 0.045526 0.098565
0 0.336544 0.477562 0.033646 0.089165
0 0.958893 0.470650 0.043700 0.126918
0 0.433304 0.471515 0.033556 0.101515
0 0.555281 0.466844 0.031648 0.115458
0 0.372912 0.476211 0.034103 0.089734
0 0.301034 0.473466 0.031296 0.091885
0 0.108380 0.478366 0.031691 0.080268
0 0.858521 0.472834 0.034015 0.084407
0 0.886745 0.474292 0.034806 0.086024
0 0.523902 0.464723 0.032350 0.106046
0 0.162271 0.478121 0.030352 0.079451
0 0.255556 0.479177 0.028655 0.081406
0 0.908031 0.474613 0.030861 0.084013
0 0.671222 0.478843 0.024709 0.079173