0 0.362935 0.602296 0.058681 0.210908
0 0.760697 0.613127 0.069265 0.259695
0 0.041693 0.604474 0.077973 0.207021
0 0.261310 0.600440 0.068495 0.224861
0 0.951477 0.587681 0.076405 0.261289
0 0.700439 0.602874 0.068681 0.237837
0 0.837088 0.619715 0.091211 0.245057
0 0.157860 0.591909 0.062189 0.203704
0 0.321124 0.592650 0.056406 0.226118
0 0.895720 0.588323 0.062238 0.253339
0 0.212796 0.593608 0.052630 0.201984
0 0.623777 0.667868 0.092363 0.160034
0 0.544210 0.562902 0.056374 0.160768
0 0.416708 0.602968 0.055740 0.201632
0 0.117621 0.582638 0.052136 0.205854
0 0.502745 0.588382 0.047395 0.229673
0 0.615742 0.537204 0.049168 0.110312