0 0.711699 0.483647 0.209758 0.156856
0 0.779009 0.648601 0.075828 0.087190
0 0.593078 0.809858 0.097195 0.109228
0 0.677798 0.804221 0.088055 0.120795
0 0.945339 0.526266 0.081025 0.153516
0 0.049516 0.771329 0.098308 0.186387
0 0.736504 0.803619 0.142269 0.122254
0 0.336031 0.586579 0.106683 0.229759
0 0.392700 0.805371 0.126198 0.118269
0 0.530033 0.542393 0.094816 0.197211
0 0.715895 0.176701 0.048753 0.051892
0 0.896714 0.800727 0.203446 0.126888
0 0.144826 0.484657 0.050177 0.100738
0 0.221462 0.802981 0.131922 0.122707
0 0.867751 0.785968 0.067750 0.069541
0 0.664475 0.178272 0.060721 0.049921
0 0.156927 0.800340 0.115261 0.130365
0 0.019123 0.461436 0.038027 0.121475
0 0.452795 0.548169 0.097344 0.121666
0 0.774464 0.216023 0.058135 0.141121
0 0.095337 0.489433 0.057626 0.104228
0 0.962828 0.730158 0.071219 0.051083