0 0.531280 0.560580 0.116640 0.290956
0 0.050666 0.588463 0.099740 0.238819
0 0.276691 0.563823 0.089596 0.168782
0 0.890760 0.522249 0.076286 0.193306
0 0.321193 0.557219 0.052406 0.161347
0 0.763452 0.535309 0.116707 0.225040
0 0.175071 0.558948 0.049573 0.146933
0 0.926920 0.537870 0.103629 0.233053
0 0.473023 0.536034 0.044346 0.155349
0 0.665852 0.552598 0.057987 0.178132
0 0.382211 0.546090 0.043426 0.191849
0 0.641879 0.543326 0.050895 0.160970
0 0.418932 0.551422 0.087686 0.176771
0 0.981503 0.561865 0.033869 0.189601
0 0.201485 0.549796 0.037976 0.138698
0 0.012323 0.605208 0.024396 0.218647