0 0.470888 0.659030 0.093161 0.293110
0 0.906097 0.690289 0.184680 0.291114
0 0.722632 0.452527 0.071255 0.092510
0 0.430847 0.381621 0.076325 0.176509
0 0.160609 0.379526 0.072492 0.194375
0 0.881497 0.395437 0.039062 0.103584
0 0.413522 0.634417 0.070119 0.243483
0 0.307955 0.614384 0.072115 0.233140
0 0.375736 0.601281 0.060713 0.215764
0 0.071188 0.377968 0.094325 0.208398
0 0.321306 0.382475 0.067828 0.176096
0 0.738398 0.698686 0.076505 0.280414
0 0.635265 0.674259 0.165945 0.318108
0 0.826054 0.689529 0.113129 0.291014
0 0.238280 0.377804 0.077663 0.203296
0 0.543168 0.654691 0.082121 0.290127
0 0.656311 0.690223 0.078330 0.291807