0 0.760922 0.643721 0.042321 0.156203
0 0.687983 0.651844 0.046340 0.144001
0 0.332447 0.652840 0.046427 0.135968
0 0.633820 0.651712 0.046777 0.147520
0 0.552243 0.654375 0.050485 0.152838
0 0.414547 0.647491 0.044864 0.156566
0 0.238132 0.643548 0.045460 0.132307
0 0.830179 0.650810 0.039598 0.148617
0 0.919044 0.650843 0.062760 0.120392
0 0.473714 0.650564 0.046311 0.152347
0 0.857360 0.642289 0.033055 0.137010
0 0.012480 0.655677 0.024740 0.146265
0 0.292932 0.644639 0.046545 0.139896
0 0.133336 0.636407 0.047283 0.122343
0 0.073050 0.650867 0.043555 0.126804
0 0.365204 0.643679 0.032975 0.133111
0 0.101315 0.631580 0.036202 0.118616
0 0.955886 0.631344 0.035423 0.128138
0 0.886473 0.640645 0.030207 0.112969
0 0.979033 0.636600 0.026836 0.111105