0 0.235532 0.748032 0.119126 0.103820
0 0.958001 0.684987 0.080873 0.225472
0 0.715182 0.384853 0.074400 0.221223
0 0.412643 0.745166 0.092807 0.109193
0 0.770956 0.535229 0.094263 0.291092
0 0.580374 0.678036 0.078405 0.245006
0 0.504660 0.746345 0.136759 0.108274
0 0.499458 0.672053 0.092362 0.176263
0 0.519341 0.581631 0.080123 0.163297
0 0.843497 0.609471 0.101016 0.220935
0 0.797641 0.724830 0.143105 0.147955
0 0.912054 0.532865 0.085191 0.257743
0 0.961404 0.581913 0.074067 0.139326
0 0.759733 0.763314 0.101633 0.074855