0 0.956507 0.570912 0.083861 0.294384
0 0.886380 0.560503 0.094635 0.262035
0 0.047685 0.615942 0.095370 0.171923
0 0.851036 0.617179 0.093377 0.233396
0 0.143210 0.604189 0.081916 0.184570
0 0.656313 0.608056 0.101516 0.183000
0 0.224671 0.606699 0.105314 0.181445
0 0.786543 0.605328 0.064873 0.195848
0 0.569641 0.604143 0.079919 0.170130
0 0.717963 0.599229 0.093263 0.199775
0 0.782523 0.482050 0.057076 0.112898
0 0.128846 0.510602 0.077450 0.177002
0 0.619971 0.508916 0.067908 0.110353
0 0.051330 0.494143 0.091186 0.153553