0 0.542097 0.643990 0.118003 0.180100
0 0.961928 0.679375 0.073018 0.323175
0 0.097052 0.695297 0.166430 0.224692
0 0.193512 0.619096 0.078448 0.189123
0 0.254746 0.582886 0.061136 0.164645
0 0.435117 0.598436 0.060491 0.166689
0 0.304623 0.592985 0.057566 0.154587
0 0.812701 0.647588 0.070530 0.303333
0 0.546086 0.573245 0.031899 0.114109
0 0.762733 0.563714 0.050210 0.186614
0 0.865243 0.577501 0.036159 0.159928
0 0.370651 0.563704 0.024686 0.111121
0 0.775478 0.589326 0.056802 0.213599
0 0.403250 0.561825 0.031545 0.105902
0 0.842715 0.575306 0.041271 0.157165