0 0.882093 0.471581 0.116827 0.327748
0 0.678173 0.475595 0.070365 0.273097
0 0.958509 0.479403 0.079856 0.416098
0 0.060649 0.500819 0.064373 0.217688
0 0.099747 0.497712 0.064085 0.209823
0 0.547921 0.479139 0.071035 0.218767
0 0.266043 0.527445 0.077014 0.218232
0 0.499664 0.487937 0.056256 0.196207
0 0.021547 0.505151 0.042890 0.237350
0 0.603165 0.489930 0.073777 0.217189
0 0.412317 0.486541 0.056220 0.164405
0 0.756089 0.467673 0.049102 0.258216
0 0.153447 0.496919 0.065277 0.185520
0 0.364642 0.485696 0.051370 0.156574
0 0.624966 0.491281 0.054495 0.210817
0 0.201536 0.485282 0.036024 0.168855
0 0.231478 0.489307 0.032677 0.154533
0 0.179560 0.486430 0.040721 0.171667
0 0.463143 0.490599 0.040762 0.176765