0 0.366934 0.629923 0.098103 0.210745
0 0.084629 0.633008 0.054010 0.128307
0 0.550399 0.599910 0.067101 0.157822
0 0.721391 0.591284 0.086189 0.265316
0 0.657248 0.578991 0.039697 0.111088
0 0.778462 0.594395 0.073647 0.250143
0 0.278113 0.610934 0.045024 0.130394
0 0.944045 0.571148 0.033254 0.102795
0 0.876990 0.571601 0.046622 0.110069
0 0.624920 0.585978 0.038180 0.100254
0 0.907383 0.569812 0.036197 0.105530
0 0.132785 0.624395 0.049152 0.128918
0 0.015908 0.639429 0.029843 0.105412
0 0.581152 0.594036 0.029139 0.086388
0 0.199932 0.619554 0.025031 0.079075
0 0.833905 0.574986 0.041320 0.112460
0 0.977269 0.559003 0.037119 0.109627