0 0.064717 0.611224 0.100027 0.310882
0 0.248852 0.570921 0.088543 0.280930
0 0.855627 0.493169 0.079021 0.248736
0 0.785772 0.501633 0.081242 0.258356
0 0.572080 0.606576 0.117073 0.178971
0 0.173674 0.572883 0.083538 0.284230
0 0.655141 0.582192 0.079324 0.168697
0 0.332764 0.563214 0.076658 0.259764
0 0.731659 0.510409 0.064663 0.236265
0 0.437956 0.616647 0.121901 0.215141
0 0.113812 0.584673 0.059809 0.267240
0 0.625508 0.469350 0.061109 0.175103
0 0.679605 0.496341 0.059907 0.198448
0 0.515289 0.477388 0.054041 0.124782
0 0.573488 0.484257 0.078714 0.155888
0 0.408723 0.498730 0.069522 0.148132