0 0.056177 0.673672 0.111878 0.378263
0 0.935365 0.725831 0.126146 0.441419
0 0.726637 0.712548 0.136573 0.349121
0 0.859237 0.710462 0.114739 0.370708
0 0.181508 0.729734 0.154647 0.256796
0 0.662302 0.786563 0.128145 0.251716
0 0.775602 0.669243 0.095072 0.329857
0 0.412783 0.765405 0.099730 0.180225
0 0.289890 0.780534 0.118858 0.159990
0 0.247557 0.632895 0.106155 0.237594
0 0.571156 0.733483 0.091667 0.210558
0 0.495404 0.729511 0.100054 0.197586
0 0.606773 0.591129 0.096942 0.174548
0 0.511792 0.589839 0.091168 0.179965
0 0.325632 0.634552 0.103280 0.265360
0 0.465692 0.477908 0.138100 0.143692
0 0.439524 0.615403 0.081678 0.207434
0 0.137589 0.583147 0.099785 0.192361
0 0.207272 0.577119 0.071037 0.147766