0 0.160767 0.526432 0.110547 0.321492
0 0.876630 0.541044 0.125366 0.336865
0 0.268909 0.576771 0.097360 0.261002
0 0.811711 0.593453 0.087184 0.277985
0 0.359977 0.570635 0.093072 0.270010
0 0.601686 0.657621 0.123797 0.225063
0 0.642708 0.589355 0.095287 0.283139
0 0.728044 0.572195 0.095713 0.289262
0 0.499528 0.649036 0.146819 0.242628
0 0.550163 0.490692 0.102590 0.190854
0 0.907797 0.471099 0.111469 0.293590
0 0.725396 0.428492 0.107158 0.130689
0 0.795200 0.424224 0.082253 0.141915
0 0.205583 0.376429 0.038132 0.079078
0 0.312754 0.418812 0.072500 0.147636
0 0.237839 0.513626 0.071841 0.306599
0 0.451007 0.564064 0.088924 0.201782
0 0.386845 0.440138 0.083567 0.166605
0 0.642841 0.440121 0.091169 0.100616
0 0.238567 0.442950 0.066547 0.165785