0 0.879417 0.623526 0.238042 0.409779
0 0.122494 0.652426 0.244517 0.347712
0 0.219501 0.607425 0.258624 0.368122
0 0.540116 0.379437 0.112457 0.189054
0 0.676615 0.374055 0.132252 0.208096
0 0.174581 0.390982 0.210936 0.224041
0 0.045714 0.398583 0.091288 0.166853
0 0.325786 0.517336 0.210409 0.264126
0 0.389458 0.430300 0.161042 0.240142
0 0.817830 0.346052 0.087720 0.117811
0 0.405466 0.373214 0.073290 0.212824
0 0.780241 0.571265 0.164611 0.339347
0 0.949999 0.448974 0.096876 0.380980
0 0.134358 0.343669 0.077266 0.069420
0 0.299868 0.357104 0.074125 0.086038
0 0.039188 0.568037 0.077978 0.188799
0 0.675344 0.504091 0.221479 0.197781