0 0.883264 0.491249 0.080275 0.222851
0 0.598366 0.452809 0.057252 0.147943
0 0.536190 0.449394 0.056322 0.160361
0 0.092680 0.480264 0.083816 0.198760
0 0.193390 0.473673 0.048216 0.174134
0 0.791259 0.490710 0.075592 0.225782
0 0.040095 0.550013 0.067500 0.277797
0 0.235803 0.490234 0.047047 0.127500
0 0.354946 0.528793 0.099080 0.284297
0 0.932120 0.465771 0.045583 0.163709
0 0.388453 0.514841 0.062757 0.224586
0 0.633205 0.441691 0.041376 0.149695
0 0.964279 0.474216 0.047490 0.157141
0 0.465487 0.449964 0.048842 0.162701
0 0.725472 0.411899 0.049099 0.116718
0 0.655730 0.435478 0.041136 0.152875
0 0.695180 0.421659 0.042564 0.097420
0 0.306711 0.490844 0.053041 0.219388
0 0.423573 0.456219 0.043660 0.160200
0 0.854309 0.456287 0.034865 0.146240
0 0.366397 0.410230 0.036452 0.065517