0 0.181534 0.700135 0.294865 0.258433
0 0.432887 0.652076 0.158499 0.251995
0 0.063189 0.641755 0.126210 0.247913
0 0.619866 0.664005 0.226211 0.327360
0 0.811666 0.655420 0.237418 0.343082
0 0.511851 0.614198 0.119454 0.225382
0 0.067044 0.471214 0.054822 0.098648
0 0.243245 0.492068 0.055874 0.164140
0 0.052801 0.776467 0.105266 0.108842
0 0.354481 0.474140 0.042239 0.131864
0 0.935498 0.595511 0.125879 0.225983
0 0.557454 0.492469 0.056193 0.190334
0 0.833389 0.477306 0.041482 0.117231
0 0.936845 0.531458 0.123185 0.096667
0 0.339240 0.586897 0.086876 0.114611
0 0.640473 0.466646 0.110925 0.174591
0 0.027901 0.489756 0.055785 0.132672