0 0.329136 0.498870 0.085942 0.151771
0 0.569606 0.491549 0.060557 0.146279
0 0.627445 0.492017 0.042378 0.117824
0 0.401794 0.490442 0.061909 0.126688
0 0.828311 0.496539 0.033404 0.089045
0 0.251805 0.486828 0.049491 0.152203
0 0.189562 0.474030 0.036479 0.098500
0 0.668945 0.488809 0.030021 0.086432
0 0.968651 0.492972 0.036171 0.094467
0 0.986802 0.499840 0.023271 0.131776
0 0.905492 0.483231 0.032822 0.069703
0 0.137201 0.480434 0.058255 0.121197
0 0.879486 0.494916 0.022755 0.068091
0 0.212499 0.486487 0.049431 0.110372
0 0.090240 0.479595 0.038212 0.126038