0 0.299304 0.659280 0.195576 0.422881
0 0.566485 0.647864 0.267220 0.431069
0 0.403540 0.656989 0.163896 0.424247
0 0.181290 0.769925 0.184332 0.205863
0 0.054079 0.785551 0.107846 0.174571
0 0.147992 0.358767 0.120840 0.218430
0 0.417751 0.444411 0.087232 0.248536
0 0.849330 0.429441 0.074781 0.179268
0 0.840141 0.609491 0.214809 0.332111
0 0.708689 0.421837 0.086018 0.175001
0 0.145698 0.490160 0.176205 0.218614
0 0.893973 0.582524 0.150477 0.237409
0 0.973923 0.537315 0.049029 0.139921
0 0.743534 0.622437 0.132738 0.345450
0 0.654541 0.627842 0.164165 0.377268
0 0.947204 0.558372 0.102467 0.180369
0 0.518771 0.379855 0.097222 0.172811
0 0.222007 0.448051 0.084929 0.094985