0 0.967147 0.571140 0.062581 0.336143
0 0.797667 0.572204 0.136166 0.410254
0 0.664820 0.577317 0.105520 0.385374
0 0.094489 0.521940 0.103546 0.289478
0 0.250890 0.532859 0.087875 0.258037
0 0.859096 0.577831 0.060755 0.361158
0 0.360172 0.532902 0.068938 0.207660
0 0.549682 0.552517 0.112465 0.310929
0 0.440527 0.561526 0.088367 0.292273
0 0.197883 0.505740 0.061673 0.212739
0 0.723029 0.581818 0.063078 0.358285
0 0.618580 0.532834 0.058186 0.257496
0 0.045926 0.482514 0.038521 0.148166
0 0.018476 0.489173 0.035813 0.135210
0 0.154018 0.506236 0.051704 0.179618