0 0.228501 0.738248 0.135159 0.312102
0 0.836637 0.720577 0.160832 0.311852
0 0.068459 0.563978 0.125156 0.244236
0 0.162081 0.562333 0.103812 0.230576
0 0.494839 0.731605 0.108440 0.330162
0 0.391848 0.735224 0.101968 0.320733
0 0.686388 0.727088 0.102087 0.316756
0 0.767447 0.716445 0.133531 0.299574
0 0.314535 0.735805 0.073264 0.326739
0 0.917169 0.626565 0.110785 0.253131
0 0.589385 0.732556 0.111218 0.314232
0 0.276727 0.344832 0.079197 0.223127
0 0.333295 0.360529 0.059182 0.169785
0 0.382557 0.352204 0.071773 0.220926
0 0.947788 0.358572 0.086351 0.232774
0 0.815316 0.553876 0.095397 0.141201
0 0.197563 0.323087 0.107856 0.186517
0 0.454593 0.352246 0.091450 0.220051