0 0.166008 0.519546 0.134636 0.374179
0 0.915306 0.546512 0.095806 0.238346
0 0.660380 0.548737 0.110919 0.317280
0 0.440329 0.544046 0.104797 0.339879
0 0.832291 0.548259 0.089820 0.252899
0 0.268754 0.529250 0.097008 0.310788
0 0.053787 0.528297 0.049506 0.145677
0 0.101841 0.528465 0.059806 0.174332
0 0.368617 0.531661 0.089920 0.290427
0 0.507047 0.536475 0.076133 0.339745
0 0.608918 0.515718 0.072171 0.236718
0 0.016144 0.508654 0.031998 0.163539
0 0.743672 0.553872 0.055725 0.165636
0 0.791137 0.554859 0.052669 0.143124