0 0.467736 0.752860 0.085909 0.122502
0 0.431390 0.696060 0.031788 0.087016
0 0.936127 0.745553 0.124620 0.204395
0 0.216403 0.693550 0.033711 0.087310
0 0.283917 0.692349 0.028968 0.069871
0 0.814468 0.664139 0.021231 0.058008
0 0.347346 0.688561 0.031218 0.081860
0 0.010697 0.690040 0.021395 0.121121
0 0.793560 0.660564 0.024760 0.069795
0 0.330999 0.680119 0.021321 0.069805
0 0.769031 0.667883 0.021464 0.075486
0 0.393825 0.682295 0.019905 0.058286
0 0.755128 0.662962 0.020407 0.065858
0 0.861069 0.669705 0.022085 0.064587