0 0.924198 0.753672 0.071299 0.054610
0 0.709814 0.543961 0.055475 0.135154
0 0.599080 0.651296 0.087149 0.136837
0 0.796918 0.540632 0.089168 0.133150
0 0.594162 0.504008 0.044396 0.112900
0 0.630024 0.375429 0.045941 0.125432
0 0.460361 0.558556 0.051605 0.118135
0 0.423821 0.578334 0.059068 0.123356
0 0.344182 0.530289 0.061608 0.124037
0 0.218042 0.497037 0.061230 0.120881
0 0.223478 0.427512 0.053843 0.102978
0 0.675614 0.460629 0.050961 0.123173
0 0.832742 0.338372 0.039258 0.115551
0 0.155935 0.382881 0.044649 0.084687
0 0.373210 0.461276 0.051825 0.098181
0 0.447232 0.410443 0.045855 0.118692
0 0.759511 0.423304 0.039298 0.093215
0 0.477443 0.397530 0.036422 0.117744