0 0.365291 0.615561 0.223408 0.314841
0 0.799569 0.568430 0.091678 0.098251
0 0.712344 0.639930 0.122159 0.196286
0 0.755783 0.548780 0.073252 0.081044
0 0.256345 0.534758 0.064556 0.150821
0 0.315842 0.485610 0.074912 0.085320
0 0.933724 0.629936 0.115057 0.146892
0 0.056498 0.449028 0.112788 0.159250
0 0.274074 0.420708 0.043165 0.046834
0 0.452218 0.517668 0.082152 0.077293
0 0.876399 0.585985 0.084392 0.103276
0 0.531958 0.515191 0.036207 0.045475
0 0.188195 0.422101 0.046992 0.030968
0 0.136285 0.415028 0.048023 0.059665
0 0.312180 0.420184 0.036479 0.037126
0 0.359699 0.427281 0.032899 0.035575