0 0.851686 0.484592 0.104783 0.280941
0 0.721259 0.468603 0.096043 0.281843
0 0.977438 0.470291 0.042000 0.139515
0 0.481606 0.424341 0.032349 0.112204
0 0.589591 0.429596 0.032278 0.114950
0 0.110892 0.418374 0.026272 0.070865
0 0.307581 0.417631 0.035678 0.104632
0 0.561516 0.432730 0.041962 0.129670
0 0.400147 0.417811 0.036288 0.103896
0 0.441075 0.428718 0.048288 0.107035
0 0.347520 0.424769 0.033894 0.093781
0 0.208267 0.409896 0.024354 0.067020
0 0.165038 0.409489 0.027669 0.083972
0 0.228976 0.407935 0.023985 0.080528
0 0.525699 0.421460 0.038115 0.089287
0 0.248418 0.408100 0.024054 0.079232