0 0.775759 0.599951 0.077450 0.157541
0 0.939360 0.575933 0.042370 0.117148
0 0.853356 0.592470 0.048562 0.148724
0 0.066330 0.590521 0.053219 0.122680
0 0.556124 0.596268 0.079822 0.149114
0 0.247094 0.591130 0.069552 0.136947
0 0.161067 0.582271 0.043007 0.133133
0 0.458630 0.577057 0.048607 0.137252
0 0.878442 0.576423 0.029058 0.100259
0 0.884322 0.590387 0.044027 0.132529
0 0.651070 0.568613 0.054880 0.113119
0 0.014105 0.574862 0.028211 0.103170
0 0.092630 0.579928 0.040500 0.093358
0 0.276341 0.568092 0.028673 0.101229
0 0.348946 0.583890 0.043663 0.134537
0 0.208705 0.583851 0.035578 0.107606