0 0.417503 0.696227 0.074710 0.160503
0 0.811418 0.696792 0.073035 0.166726
0 0.723540 0.696340 0.058454 0.159764
0 0.205139 0.692089 0.050185 0.135818
0 0.900747 0.692886 0.044192 0.129672
0 0.663517 0.681997 0.044336 0.084974
0 0.954007 0.706815 0.056687 0.134865
0 0.584863 0.678278 0.030399 0.096931
0 0.611800 0.674493 0.025459 0.090460
0 0.531248 0.678273 0.027747 0.088882
0 0.562483 0.678169 0.023473 0.090977
0 0.487193 0.678147 0.024706 0.076574
0 0.832806 0.675138 0.023282 0.083596
0 0.628980 0.669018 0.020926 0.090313
0 0.100899 0.665358 0.024418 0.054787
0 0.013998 0.663420 0.014853 0.049758