0 0.408323 0.735895 0.060058 0.193462
0 0.977383 0.718719 0.042108 0.157788
0 0.568228 0.682851 0.032089 0.101424
0 0.373952 0.721467 0.045419 0.159885
0 0.439946 0.671954 0.029438 0.083492
0 0.328755 0.682548 0.030867 0.097585
0 0.489461 0.671945 0.024008 0.064443
0 0.275289 0.590635 0.020353 0.050897
0 0.519461 0.613516 0.021068 0.052161
0 0.687678 0.681589 0.024274 0.069880
0 0.650864 0.646224 0.021534 0.057127
0 0.261872 0.675953 0.034797 0.071721
0 0.784360 0.660811 0.018868 0.044324
0 0.621935 0.672085 0.019923 0.068472
0 0.709033 0.668223 0.028670 0.046749