0 0.314739 0.572028 0.144435 0.332297
0 0.930180 0.599280 0.136516 0.424047
0 0.177599 0.587900 0.102269 0.331306
0 0.575297 0.565972 0.082438 0.248863
0 0.383798 0.561616 0.081144 0.276447
0 0.672057 0.548420 0.074293 0.295966
0 0.232818 0.550840 0.063837 0.283953
0 0.735830 0.563431 0.091333 0.346306
0 0.775835 0.547060 0.061232 0.291168
0 0.612053 0.344114 0.078504 0.120315
0 0.351288 0.419769 0.076300 0.125758
0 0.610713 0.488666 0.081562 0.243516
0 0.519726 0.521771 0.053927 0.241732
0 0.419430 0.504144 0.052723 0.206684
0 0.372979 0.346275 0.067982 0.137032
0 0.522101 0.406764 0.057250 0.079723