0 0.600325 0.509886 0.262740 0.237315
0 0.311018 0.734222 0.349853 0.270026
0 0.808854 0.760228 0.212109 0.220491
0 0.555572 0.736223 0.223276 0.268528
0 0.239520 0.521820 0.200673 0.169017
0 0.949618 0.690152 0.097640 0.360987
0 0.067156 0.481259 0.133777 0.324203
0 0.120716 0.765258 0.224701 0.212872
0 0.422401 0.492833 0.152526 0.149667
0 0.351216 0.404030 0.136612 0.284834
0 0.871865 0.522154 0.129056 0.290916
0 0.167671 0.424187 0.109007 0.244986
0 0.730490 0.398231 0.108417 0.248858
0 0.981488 0.807694 0.033899 0.130798
0 0.879219 0.332781 0.098356 0.146696