0 0.042313 0.615251 0.084185 0.327399
0 0.930980 0.633485 0.125998 0.289398
0 0.364616 0.630787 0.120349 0.297837
0 0.733423 0.695856 0.235779 0.166923
0 0.715930 0.571878 0.083363 0.174095
0 0.489860 0.659158 0.119413 0.236392
0 0.257872 0.660157 0.093840 0.241299
0 0.105146 0.654880 0.151121 0.249538
0 0.170610 0.611814 0.084254 0.334590
0 0.780677 0.574056 0.085707 0.124622
0 0.620978 0.653386 0.075690 0.249736
0 0.294956 0.580429 0.049108 0.174463
0 0.959099 0.720854 0.078677 0.113843
0 0.583158 0.653095 0.051969 0.250074