0 0.882882 0.593622 0.131341 0.408473
0 0.637107 0.613256 0.183712 0.368172
0 0.773634 0.630269 0.130446 0.329711
0 0.078465 0.609585 0.140216 0.373134
0 0.269324 0.637838 0.134998 0.318398
0 0.487727 0.609089 0.151678 0.379208
0 0.345085 0.631209 0.126020 0.338737
0 0.154468 0.609931 0.112104 0.371049
0 0.589921 0.422281 0.096928 0.178742
0 0.018834 0.622240 0.037268 0.347276
0 0.225603 0.501490 0.066514 0.129329
0 0.412764 0.637296 0.082066 0.323304
0 0.932394 0.503240 0.059767 0.154679
0 0.379298 0.496250 0.052592 0.081224