0 0.086209 0.585124 0.171874 0.280680
0 0.791980 0.516267 0.073693 0.219057
0 0.221601 0.493080 0.100309 0.299499
0 0.707473 0.549724 0.088762 0.198120
0 0.356173 0.486123 0.072388 0.249109
0 0.294151 0.473651 0.076516 0.286130
0 0.483892 0.436203 0.081636 0.163419
0 0.466726 0.559281 0.079816 0.167995
0 0.415217 0.492627 0.069347 0.237964
0 0.115906 0.512723 0.135821 0.338091
0 0.722608 0.455757 0.049108 0.108819
0 0.614838 0.454134 0.096633 0.127375
0 0.680391 0.444077 0.044966 0.099414
0 0.522843 0.548207 0.059399 0.155658
0 0.750357 0.470232 0.045968 0.188483
0 0.528928 0.413793 0.054110 0.133715
0 0.568789 0.436435 0.058756 0.114001
0 0.649212 0.408956 0.038125 0.074640