0 0.176611 0.498765 0.106508 0.404265
0 0.320624 0.521301 0.113177 0.409501
0 0.660333 0.547611 0.114618 0.412187
0 0.543702 0.547226 0.096116 0.404600
0 0.451887 0.554492 0.116790 0.401124
0 0.835980 0.571965 0.108543 0.424368
0 0.114266 0.532670 0.118884 0.354916
0 0.916445 0.591012 0.132334 0.410883
0 0.719667 0.526913 0.073558 0.375240
0 0.381512 0.511634 0.091434 0.425185
0 0.256185 0.500437 0.067015 0.393362
0 0.925286 0.402510 0.088054 0.157600
0 0.965038 0.550469 0.066800 0.339106
0 0.597121 0.537019 0.092628 0.427088
0 0.781930 0.527567 0.090589 0.380400
0 0.482452 0.374315 0.062152 0.132860