0 0.308568 0.542359 0.147455 0.268768
0 0.650513 0.540881 0.114890 0.275195
0 0.953802 0.554976 0.078915 0.246293
0 0.433547 0.561090 0.073332 0.237699
0 0.889458 0.561411 0.064655 0.223750
0 0.777975 0.578098 0.048896 0.157250
0 0.518863 0.593022 0.034033 0.115800
0 0.188878 0.551316 0.104229 0.250924
0 0.378826 0.564768 0.052235 0.226155
0 0.483245 0.589761 0.031220 0.120109
0 0.845183 0.576374 0.054456 0.167820
0 0.560920 0.583385 0.045202 0.188641
0 0.058881 0.574835 0.076118 0.208494
0 0.023832 0.599620 0.032544 0.146489
0 0.594979 0.580374 0.051482 0.194817
0 0.094140 0.584664 0.045041 0.186183