0 0.089252 0.567066 0.126192 0.406022
0 0.475362 0.576015 0.102744 0.396939
0 0.195515 0.560387 0.113937 0.399583
0 0.371824 0.511549 0.140008 0.322207
0 0.566914 0.575070 0.099428 0.400360
0 0.746066 0.594245 0.102546 0.398051
0 0.660131 0.562560 0.117369 0.419754
0 0.872041 0.564643 0.089536 0.405374
0 0.829168 0.594921 0.102233 0.399134
0 0.572353 0.352875 0.118500 0.189310
0 0.280837 0.562857 0.081948 0.386253
0 0.224892 0.357006 0.144926 0.168489
0 0.358497 0.358123 0.103937 0.145963
0 0.688227 0.355586 0.102383 0.159621
0 0.130820 0.356607 0.088092 0.152581
0 0.779528 0.401275 0.047055 0.117783
0 0.286960 0.315792 0.105922 0.121459