0 0.873654 0.687540 0.123429 0.220495
0 0.225677 0.682513 0.097055 0.233485
0 0.531871 0.672803 0.072379 0.191266
0 0.596091 0.682976 0.067873 0.167207
0 0.361055 0.675398 0.074760 0.193722
0 0.945607 0.699913 0.082654 0.199950
0 0.755792 0.686195 0.065182 0.216058
0 0.105864 0.659489 0.049761 0.142124
0 0.020587 0.691931 0.040901 0.213640
0 0.466150 0.631757 0.037471 0.107079
0 0.077130 0.655515 0.052980 0.141486
0 0.312325 0.651908 0.049078 0.129978
0 0.173773 0.616464 0.036680 0.096019
0 0.436073 0.629881 0.031980 0.099505
0 0.133090 0.644976 0.030086 0.132193
0 0.494099 0.628979 0.028873 0.094924