0 0.049257 0.594249 0.098120 0.313730
0 0.175307 0.614402 0.116648 0.325275
0 0.625295 0.627961 0.098649 0.385602
0 0.764306 0.621622 0.123885 0.409627
0 0.386988 0.634853 0.096832 0.377879
0 0.940859 0.556426 0.115157 0.245908
0 0.525735 0.648139 0.148003 0.444020
0 0.336104 0.562638 0.067985 0.290738
0 0.231130 0.569034 0.078310 0.275052
0 0.856487 0.581038 0.087379 0.276412
0 0.115879 0.556747 0.066329 0.262928
0 0.302081 0.555754 0.048764 0.215602
0 0.904019 0.451326 0.074528 0.117239
0 0.831060 0.455654 0.067311 0.086674
0 0.470854 0.570289 0.076545 0.343134