0 0.155434 0.604654 0.155863 0.344824
0 0.800136 0.511955 0.230457 0.345922
0 0.355074 0.375125 0.334327 0.310182
0 0.317034 0.312335 0.116666 0.140738
0 0.255798 0.373120 0.124220 0.128418
0 0.576473 0.618234 0.373532 0.317601
0 0.397780 0.289869 0.093177 0.109422
0 0.630024 0.481074 0.291853 0.409038
0 0.576358 0.303448 0.187093 0.168209
0 0.132921 0.308309 0.108940 0.174734
0 0.367770 0.634258 0.420058 0.285498
0 0.818120 0.368681 0.207354 0.288672
0 0.405674 0.595412 0.189264 0.312502
0 0.696534 0.263479 0.085228 0.089335
0 0.776161 0.263848 0.082849 0.087425