0 0.091418 0.651863 0.082675 0.292162
0 0.931435 0.662455 0.074458 0.266493
0 0.690215 0.649230 0.083349 0.289299
0 0.836887 0.663015 0.076795 0.286122
0 0.215158 0.633375 0.083610 0.312247
0 0.607292 0.637663 0.089862 0.291535
0 0.375546 0.654609 0.064816 0.280270
0 0.300730 0.644576 0.069328 0.277749
0 0.482511 0.649592 0.081728 0.286321
0 0.174483 0.628442 0.058360 0.300999
0 0.877093 0.658520 0.053979 0.271785
0 0.787406 0.640507 0.071391 0.298679
0 0.736190 0.638972 0.059372 0.290373
0 0.421592 0.648887 0.056472 0.261153
0 0.538761 0.642512 0.066270 0.275467
0 0.261295 0.621044 0.049834 0.295049
0 0.338772 0.645177 0.039812 0.272083