0 0.856049 0.543610 0.084241 0.195460
0 0.235858 0.521027 0.078220 0.245191
0 0.304468 0.524586 0.073951 0.223254
0 0.740508 0.532357 0.068038 0.204127
0 0.376298 0.536031 0.075808 0.208263
0 0.793874 0.536158 0.050655 0.191154
0 0.693336 0.527056 0.054049 0.208194
0 0.637852 0.529742 0.057686 0.198659
0 0.593288 0.534488 0.061791 0.203253
0 0.529862 0.533694 0.057332 0.192095
0 0.421531 0.526567 0.049466 0.206999
0 0.481652 0.543262 0.063227 0.183304
0 0.345618 0.521234 0.047722 0.214297
0 0.456203 0.517186 0.047319 0.218358
0 0.563958 0.520725 0.036685 0.208164