0 0.074645 0.557233 0.109644 0.337001
0 0.901330 0.581698 0.118499 0.290058
0 0.231328 0.572676 0.110334 0.303720
0 0.613503 0.555069 0.146934 0.258162
0 0.151699 0.560546 0.087113 0.279911
0 0.450307 0.455403 0.076557 0.100378
0 0.710098 0.578691 0.122997 0.277302
0 0.809725 0.581276 0.106498 0.264475
0 0.207558 0.442221 0.042300 0.071385
0 0.510281 0.464460 0.052919 0.073354
0 0.345626 0.459274 0.067856 0.091478
0 0.167198 0.422904 0.068631 0.090544
0 0.298814 0.451438 0.060137 0.107973
0 0.391456 0.465878 0.049569 0.081393