0 0.646880 0.683486 0.070845 0.174297
0 0.066291 0.723994 0.093488 0.126335
0 0.133822 0.683238 0.059307 0.175282
0 0.281602 0.699183 0.067450 0.208385
0 0.466667 0.643427 0.053666 0.163373
0 0.876354 0.695171 0.066232 0.197591
0 0.953727 0.697442 0.089421 0.195583
0 0.212202 0.545996 0.046125 0.106095
0 0.349973 0.698730 0.068985 0.207386
0 0.517679 0.648289 0.044534 0.177199
0 0.398637 0.687951 0.053711 0.225249
0 0.740030 0.685225 0.050282 0.168445
0 0.204390 0.691765 0.063342 0.216659
0 0.921055 0.691323 0.050177 0.183867
0 0.801161 0.694087 0.071070 0.184387
0 0.620627 0.587247 0.057610 0.139371