0 0.786443 0.480629 0.056315 0.166743
0 0.566076 0.484562 0.050538 0.167045
0 0.294472 0.485470 0.059192 0.162935
0 0.022738 0.490543 0.044975 0.142016
0 0.389889 0.482485 0.072097 0.165686
0 0.897323 0.481448 0.055672 0.157969
0 0.846579 0.476199 0.041788 0.156465
0 0.168651 0.491897 0.041808 0.149131
0 0.734112 0.488665 0.041745 0.141231
0 0.971412 0.476311 0.036023 0.145131
0 0.653247 0.484469 0.046469 0.167222
0 0.460350 0.483995 0.056319 0.162979
0 0.692727 0.491903 0.041521 0.146864
0 0.343015 0.485645 0.044211 0.159910