0 0.835292 0.658649 0.112792 0.240699
0 0.115050 0.636698 0.082281 0.114164
0 0.612936 0.654110 0.086674 0.237376
0 0.719812 0.625153 0.065593 0.164776
0 0.447746 0.642065 0.072487 0.247743
0 0.521930 0.654590 0.089668 0.235596
0 0.951373 0.643368 0.089568 0.225530
0 0.051902 0.641007 0.044072 0.095552
0 0.666198 0.606979 0.043216 0.140553
0 0.340337 0.614897 0.028686 0.071396
0 0.779604 0.608274 0.048488 0.111940
0 0.012856 0.635888 0.025357 0.116254
0 0.884071 0.595462 0.049532 0.129149
0 0.303052 0.610881 0.017654 0.081089