0 0.381124 0.498340 0.083004 0.174469
0 0.252441 0.654722 0.079728 0.253397
0 0.328487 0.632185 0.064600 0.252457
0 0.782753 0.552103 0.064591 0.152436
0 0.608486 0.651125 0.060988 0.211020
0 0.268562 0.536409 0.056746 0.186427
0 0.695082 0.496387 0.068553 0.104468
0 0.692811 0.584715 0.057634 0.187640
0 0.551185 0.659632 0.066033 0.188489
0 0.515131 0.466989 0.040724 0.161630
0 0.512591 0.631934 0.053389 0.181357
0 0.481896 0.495429 0.044892 0.189827
0 0.597049 0.544859 0.064964 0.122733
0 0.778139 0.489662 0.060886 0.106433
0 0.582755 0.400112 0.043664 0.123094
0 0.578693 0.497301 0.057338 0.105007
0 0.978131 0.483066 0.040613 0.223554
0 0.235336 0.500539 0.039143 0.067100
0 0.528959 0.416198 0.039277 0.127404