0 0.772123 0.565860 0.116874 0.338249
0 0.884942 0.592001 0.118481 0.351822
0 0.158033 0.557896 0.079101 0.267815
0 0.210525 0.570252 0.076888 0.276451
0 0.678553 0.572629 0.085696 0.278670
0 0.279454 0.575235 0.081006 0.258030
0 0.593106 0.648891 0.113830 0.226962
0 0.372807 0.612847 0.099117 0.173372
0 0.325012 0.542449 0.057975 0.242546
0 0.380362 0.507718 0.072733 0.137017
0 0.490108 0.629178 0.105423 0.180606
0 0.449601 0.556030 0.069085 0.244979
0 0.615389 0.518216 0.072624 0.153923
0 0.556463 0.515316 0.069853 0.200826
0 0.506672 0.534504 0.073091 0.171331