0 0.138456 0.529668 0.218052 0.578161
0 0.759036 0.511894 0.212039 0.491043
0 0.915524 0.596860 0.165827 0.396229
0 0.414363 0.520781 0.178679 0.578283
0 0.300776 0.579910 0.189659 0.478614
0 0.528815 0.587046 0.109641 0.353468
0 0.624477 0.592502 0.126964 0.258588
0 0.620501 0.398905 0.088604 0.239121
0 0.049157 0.637423 0.097532 0.351995
0 0.536543 0.383748 0.127448 0.207466
0 0.021689 0.436501 0.043242 0.117851
0 0.212262 0.320857 0.084200 0.101582
0 0.975699 0.364956 0.045477 0.127751
0 0.028325 0.366980 0.043718 0.053939