0 0.889055 0.584950 0.183579 0.538761
0 0.277452 0.577065 0.162920 0.544588
0 0.138634 0.598254 0.160053 0.496475
0 0.415834 0.575093 0.141109 0.536628
0 0.620910 0.566627 0.125323 0.523831
0 0.735819 0.566289 0.144040 0.543635
0 0.519238 0.588335 0.105636 0.481554
0 0.728065 0.282603 0.138938 0.219991
0 0.120165 0.320430 0.175711 0.227282
0 0.337381 0.327636 0.084593 0.173656
0 0.247174 0.317559 0.115928 0.214837
0 0.435145 0.302402 0.103090 0.170648
0 0.530094 0.315864 0.097710 0.198516
0 0.625371 0.300044 0.103694 0.152741