0 0.881986 0.622309 0.131740 0.408140
0 0.110132 0.619211 0.117719 0.361178
0 0.410055 0.594375 0.118286 0.431372
0 0.773785 0.619479 0.110881 0.419314
0 0.300959 0.599092 0.125321 0.395299
0 0.505604 0.615306 0.110477 0.378563
0 0.230285 0.589601 0.096986 0.384091
0 0.601780 0.614549 0.108467 0.383187
0 0.167043 0.600659 0.069433 0.344277
0 0.702555 0.620004 0.098106 0.392017
0 0.361947 0.442343 0.049007 0.086622
0 0.466092 0.439963 0.063851 0.124144
0 0.561919 0.443323 0.070445 0.110765
0 0.657803 0.602121 0.068480 0.366507