0 0.218505 0.571605 0.227667 0.193354
0 0.737655 0.575836 0.137598 0.186819
0 0.612859 0.578267 0.122688 0.182252
0 0.838180 0.510895 0.128639 0.316088
0 0.496270 0.571205 0.129222 0.196617
0 0.362963 0.582758 0.128021 0.174137
0 0.152359 0.541127 0.100526 0.258282
0 0.232104 0.461546 0.100673 0.202657
0 0.633814 0.471148 0.112485 0.217930
0 0.318438 0.479262 0.108265 0.230964
0 0.428684 0.490159 0.103550 0.259476
0 0.532840 0.473165 0.109059 0.191559
0 0.742608 0.462025 0.115014 0.196439
0 0.373415 0.422965 0.071632 0.147295