0 0.945074 0.513605 0.106728 0.285965
0 0.818900 0.525581 0.107816 0.246534
0 0.152088 0.447844 0.140454 0.144586
0 0.704198 0.506754 0.136082 0.237978
0 0.610530 0.460434 0.089379 0.115669
0 0.026221 0.732987 0.051466 0.140894
0 0.233345 0.431249 0.080236 0.147089
0 0.303472 0.538896 0.107239 0.241662
0 0.349578 0.440417 0.069841 0.139108
0 0.499686 0.448008 0.126200 0.130317
0 0.586183 0.436105 0.064000 0.143352
0 0.473082 0.624725 0.136836 0.109975
0 0.398493 0.432186 0.087027 0.153128
0 0.065986 0.396996 0.041622 0.145781
0 0.184289 0.411208 0.036242 0.083249