0 0.851519 0.435262 0.091296 0.237847
0 0.943177 0.450735 0.069118 0.244736
0 0.043852 0.490513 0.078675 0.265203
0 0.150358 0.516315 0.095437 0.183292
0 0.682304 0.492375 0.080322 0.157709
0 0.284035 0.507465 0.105855 0.180754
0 0.604453 0.496554 0.068766 0.152758
0 0.524326 0.494486 0.082996 0.151176
0 0.777264 0.490507 0.105702 0.134221
0 0.091949 0.468999 0.068059 0.247799
0 0.378862 0.528158 0.092590 0.161456
0 0.205613 0.382502 0.086926 0.134962
0 0.458200 0.515021 0.084963 0.161885
0 0.772223 0.389805 0.075524 0.144033
0 0.212877 0.497835 0.075431 0.174535
0 0.654373 0.404655 0.061230 0.189909
0 0.596491 0.388393 0.076490 0.126022
0 0.702691 0.395571 0.069002 0.163518
0 0.326936 0.442964 0.066046 0.086617
0 0.552287 0.374710 0.041451 0.124652
0 0.428379 0.457140 0.073562 0.120752
0 0.136273 0.393239 0.070963 0.119985
0 0.501726 0.430729 0.045097 0.069029