0 0.587787 0.606209 0.135307 0.281053
0 0.740840 0.591165 0.092982 0.243826
0 0.339014 0.551345 0.070189 0.182982
0 0.848214 0.577277 0.069019 0.217930
0 0.032977 0.496996 0.046105 0.165188
0 0.433897 0.621581 0.133326 0.218080
0 0.168925 0.574526 0.071557 0.184452
0 0.404471 0.523274 0.073713 0.191717
0 0.077292 0.751125 0.146219 0.096858
0 0.894940 0.593735 0.064495 0.147446
0 0.019161 0.658232 0.038020 0.193513
0 0.355674 0.746941 0.296041 0.102075
0 0.241168 0.502527 0.050373 0.138456
0 0.154361 0.742473 0.089105 0.113229
0 0.783102 0.470972 0.033341 0.110864