0 0.524627 0.567964 0.165468 0.340868
0 0.826449 0.560218 0.152599 0.291444
0 0.682557 0.563013 0.164803 0.282332
0 0.938991 0.549413 0.118892 0.310192
0 0.205156 0.575184 0.175690 0.332774
0 0.065836 0.578830 0.130686 0.324730
0 0.917193 0.402852 0.120979 0.234212
0 0.367184 0.566159 0.172033 0.348510
0 0.790965 0.419415 0.131698 0.250050
0 0.650261 0.425625 0.164755 0.231334
0 0.473046 0.416868 0.102884 0.198346
0 0.356493 0.398931 0.176135 0.262978
0 0.081355 0.428010 0.131203 0.202830
0 0.210115 0.398562 0.133744 0.216338
0 0.728845 0.354133 0.104741 0.183234