0 0.916183 0.605931 0.164509 0.497249
0 0.154418 0.580935 0.208409 0.549137
0 0.359944 0.553423 0.215284 0.579992
0 0.645344 0.593610 0.180029 0.531811
0 0.783499 0.581632 0.153959 0.495188
0 0.088775 0.452681 0.162523 0.689829
0 0.524189 0.550984 0.116409 0.546371
0 0.828528 0.342865 0.092350 0.148424
0 0.272578 0.338224 0.092377 0.192493
0 0.701007 0.343713 0.099849 0.129396
0 0.883252 0.290891 0.083064 0.133380
0 0.018516 0.555616 0.036636 0.480074
0 0.583546 0.307538 0.096197 0.174830
0 0.264326 0.515595 0.106718 0.542530
0 0.947990 0.355957 0.100895 0.131799