0 0.490472 0.716415 0.182510 0.344074
0 0.961999 0.637407 0.063765 0.206030
0 0.811574 0.621222 0.060483 0.168349
0 0.130469 0.649066 0.106248 0.214033
0 0.026574 0.638031 0.052947 0.189662
0 0.234414 0.615367 0.069041 0.168194
0 0.913770 0.621876 0.047117 0.159672
0 0.188608 0.642172 0.081209 0.183156
0 0.558594 0.619715 0.047637 0.142294
0 0.278270 0.630727 0.067759 0.184695
0 0.652207 0.653174 0.053867 0.191477
0 0.327524 0.652302 0.059553 0.179703
0 0.600308 0.620425 0.043303 0.139871
0 0.430724 0.675659 0.061419 0.283100
0 0.679849 0.622568 0.041452 0.153164
0 0.360372 0.636288 0.048719 0.201197