0 0.739467 0.584138 0.072714 0.134863
0 0.051057 0.473047 0.083511 0.212766
0 0.491134 0.568766 0.080076 0.162359
0 0.954639 0.487996 0.077251 0.250596
0 0.630773 0.570943 0.065903 0.156754
0 0.109566 0.474385 0.079079 0.176622
0 0.071159 0.587021 0.078212 0.146484
0 0.387289 0.579033 0.082458 0.136757
0 0.826315 0.575866 0.070337 0.145096
0 0.570935 0.577786 0.065956 0.148759
0 0.217426 0.589911 0.081971 0.149635
0 0.207190 0.458199 0.070357 0.124134
0 0.888834 0.579711 0.076855 0.138713
0 0.137024 0.594865 0.078971 0.153397
0 0.676665 0.470748 0.057255 0.148066
0 0.620805 0.465279 0.070000 0.149526
0 0.725127 0.474397 0.059312 0.164932
0 0.302832 0.588643 0.070095 0.134290
0 0.344267 0.544332 0.056312 0.129716
0 0.153338 0.447574 0.069303 0.167914
0 0.361657 0.465185 0.077317 0.127044