0 0.223533 0.528505 0.147704 0.492431
0 0.363288 0.546142 0.178297 0.518360
0 0.468278 0.438239 0.052793 0.180753
0 0.586626 0.480339 0.082322 0.256485
0 0.692859 0.466669 0.094821 0.276099
0 0.913930 0.477253 0.076845 0.265797
0 0.796014 0.475148 0.080917 0.276407
0 0.530596 0.434923 0.059443 0.188152
0 0.857138 0.462297 0.056696 0.234227
0 0.955552 0.461100 0.047243 0.240497
0 0.085912 0.421099 0.015479 0.046912
0 0.752004 0.450969 0.037761 0.159550
0 0.131966 0.422767 0.013484 0.039303
0 0.151232 0.419649 0.014181 0.038559