0 0.208721 0.672004 0.090067 0.220312
0 0.279799 0.669862 0.072788 0.208904
0 0.914097 0.674207 0.083960 0.212675
0 0.655104 0.672740 0.079574 0.225814
0 0.080893 0.673000 0.077273 0.207677
0 0.783817 0.669554 0.072534 0.207242
0 0.848479 0.675941 0.083522 0.212610
0 0.139566 0.671607 0.079444 0.206246
0 0.529880 0.669539 0.076297 0.216318
0 0.901631 0.566535 0.085193 0.121926
0 0.344532 0.665364 0.069233 0.214786
0 0.720663 0.675898 0.067124 0.212619
0 0.404278 0.673834 0.069426 0.207807
0 0.591934 0.667770 0.066735 0.223238
0 0.461001 0.671075 0.073060 0.201121
0 0.829887 0.558656 0.068166 0.109759