0 0.061466 0.520619 0.100940 0.291988
0 0.943817 0.621190 0.079430 0.227424
0 0.776264 0.604086 0.066966 0.238169
0 0.639277 0.587497 0.065544 0.233162
0 0.838218 0.609047 0.065397 0.226926
0 0.313987 0.549697 0.077166 0.247577
0 0.255833 0.554435 0.068610 0.250011
0 0.886345 0.613229 0.060673 0.222908
0 0.719293 0.597120 0.052772 0.213850
0 0.530237 0.573306 0.072459 0.240834
0 0.204218 0.545900 0.097253 0.266133
0 0.159925 0.541089 0.075741 0.255632
0 0.457791 0.574564 0.071018 0.222647
0 0.685443 0.590540 0.046113 0.227064