0 0.085503 0.576102 0.150837 0.289320
0 0.839788 0.603275 0.135604 0.280328
0 0.306621 0.568676 0.109789 0.299165
0 0.728176 0.594812 0.107184 0.303376
0 0.190440 0.577158 0.135187 0.295304
0 0.414360 0.573675 0.115806 0.293756
0 0.623394 0.596373 0.115779 0.306563
0 0.520498 0.578064 0.112326 0.297477
0 0.746843 0.409434 0.124350 0.221420
0 0.821390 0.407625 0.090149 0.181616
0 0.663023 0.406791 0.082436 0.220343
0 0.195181 0.391874 0.126357 0.221450
0 0.381773 0.435832 0.116845 0.324495
0 0.560347 0.396619 0.095982 0.220357
0 0.473705 0.402422 0.090873 0.207097