0 0.106958 0.679680 0.125982 0.201947
0 0.389027 0.669743 0.082950 0.218325
0 0.879079 0.665022 0.091223 0.231878
0 0.254905 0.667600 0.067601 0.200831
0 0.704973 0.661822 0.100416 0.236259
0 0.197103 0.682984 0.067638 0.186682
0 0.571972 0.665808 0.059627 0.227265
0 0.625471 0.660273 0.095191 0.233772
0 0.749914 0.644592 0.049954 0.161584
0 0.798129 0.624226 0.037255 0.125683
0 0.935196 0.610790 0.039947 0.097047
0 0.021535 0.677212 0.043032 0.200780
0 0.329069 0.644950 0.040287 0.113099
0 0.439937 0.643125 0.029518 0.114507
0 0.909840 0.607871 0.030930 0.101702
0 0.051217 0.677684 0.053766 0.191506
0 0.470071 0.637718 0.043260 0.123212