0 0.873148 0.681251 0.137235 0.300250
0 0.114178 0.694921 0.142782 0.273278
0 0.319973 0.697839 0.161159 0.267291
0 0.642112 0.673560 0.090240 0.296375
0 0.700292 0.690373 0.142151 0.283533
0 0.578327 0.691909 0.081540 0.286040
0 0.209795 0.624517 0.120342 0.159554
0 0.809182 0.593607 0.052187 0.069494
0 0.057214 0.640621 0.113842 0.255546
0 0.980842 0.751282 0.035191 0.163690
0 0.164073 0.585380 0.045619 0.097889
0 0.391456 0.654594 0.076275 0.158646
0 0.418239 0.582097 0.049820 0.091660
0 0.446850 0.717623 0.195263 0.230765
0 0.069822 0.559054 0.089162 0.083043