0 0.824364 0.669742 0.090647 0.137967
0 0.745286 0.672430 0.121871 0.144132
0 0.516478 0.668089 0.103753 0.154663
0 0.202197 0.669236 0.118792 0.156357
0 0.984186 0.560298 0.028503 0.103903
0 0.593658 0.582470 0.034941 0.119335
0 0.077477 0.612841 0.082987 0.140351
0 0.036063 0.556984 0.031629 0.085476
0 0.258384 0.608734 0.044527 0.135059
0 0.294459 0.601839 0.053464 0.134864
0 0.511887 0.588635 0.046113 0.083201
0 0.413892 0.598794 0.045895 0.141244
0 0.566729 0.566403 0.035969 0.093160
0 0.010470 0.566904 0.020939 0.050876
0 0.484482 0.532294 0.037347 0.079353