0 0.466833 0.785626 0.090222 0.098945
0 0.779803 0.779423 0.051605 0.112826
0 0.228061 0.781602 0.079388 0.104052
0 0.099821 0.767007 0.136150 0.132525
0 0.729578 0.779378 0.060917 0.111591
0 0.831753 0.779514 0.051964 0.109749
0 0.615780 0.781556 0.114460 0.105419
0 0.165504 0.780324 0.124310 0.107645
0 0.342417 0.798573 0.082693 0.073138
0 0.019585 0.794279 0.038759 0.076707
0 0.391055 0.792550 0.046017 0.082020
0 0.923048 0.789607 0.036497 0.090932
0 0.890087 0.790259 0.033796 0.087745
0 0.276044 0.775891 0.052562 0.098037