0 0.334359 0.698808 0.211771 0.264363
0 0.143850 0.723635 0.208179 0.219347
0 0.892203 0.654361 0.170742 0.351393
0 0.631190 0.657915 0.166865 0.343126
0 0.357738 0.546109 0.166571 0.289285
0 0.226477 0.591404 0.102417 0.235290
0 0.711530 0.591180 0.121891 0.402136
0 0.910364 0.454720 0.100169 0.249477
0 0.463828 0.573333 0.084683 0.344594
0 0.770517 0.476012 0.082833 0.299030
0 0.275171 0.517421 0.069307 0.141517
0 0.505833 0.518644 0.077142 0.285681
0 0.666009 0.429417 0.077704 0.137681
0 0.624122 0.425774 0.060953 0.116632
0 0.529964 0.498278 0.082871 0.317069