0 0.085220 0.508834 0.132342 0.326738
0 0.607376 0.586592 0.180909 0.447790
0 0.534521 0.525338 0.117066 0.437121
0 0.942717 0.589859 0.111442 0.527247
0 0.269760 0.522609 0.261408 0.648912
0 0.849063 0.595348 0.188650 0.523614
0 0.419325 0.630114 0.131620 0.172628
0 0.169334 0.491339 0.122486 0.330879
0 0.408541 0.440872 0.057127 0.297105
0 0.908790 0.290563 0.071498 0.103116
0 0.766661 0.573167 0.183515 0.562547
0 0.620074 0.363237 0.081394 0.166748
0 0.577892 0.321169 0.061443 0.100852
0 0.679209 0.360413 0.058257 0.162383
0 0.467268 0.471561 0.080199 0.302364
0 0.307943 0.325327 0.065325 0.100288
0 0.715724 0.454254 0.090230 0.231744
0 0.850957 0.313922 0.058457 0.063892