0 0.071935 0.678436 0.106218 0.296861
0 0.317803 0.680583 0.100370 0.226079
0 0.390831 0.691737 0.131711 0.239717
0 0.149766 0.666890 0.083354 0.273355
0 0.722662 0.694760 0.102170 0.256846
0 0.943377 0.606898 0.093984 0.177579
0 0.244384 0.648728 0.067740 0.227618
0 0.637080 0.677328 0.069630 0.219606
0 0.807284 0.629332 0.105445 0.142830
0 0.195915 0.642563 0.051987 0.236681
0 0.536130 0.684998 0.079177 0.219627
0 0.329803 0.568155 0.062737 0.084026
0 0.376120 0.573074 0.059538 0.122073
0 0.476232 0.709322 0.074218 0.202701
0 0.466420 0.578122 0.052438 0.122064
0 0.869068 0.595709 0.073553 0.138238
0 0.586843 0.634901 0.061501 0.206059