0 0.450901 0.563345 0.240182 0.558394
0 0.160962 0.595420 0.077445 0.193098
0 0.638417 0.586397 0.097989 0.268277
0 0.764503 0.588731 0.107982 0.268356
0 0.108435 0.592503 0.069464 0.195208
0 0.879473 0.593786 0.086712 0.223244
0 0.974512 0.576780 0.047850 0.304663
0 0.566947 0.600807 0.056432 0.174559
0 0.209583 0.599027 0.035239 0.110247
0 0.292993 0.606574 0.038787 0.122837
0 0.705753 0.601377 0.047345 0.208463
0 0.329186 0.605284 0.041685 0.114813
0 0.061518 0.606012 0.044700 0.105415
0 0.243187 0.603199 0.030687 0.105583
0 0.951356 0.602553 0.070806 0.137454
0 0.267968 0.603083 0.021988 0.108115
0 0.357499 0.607698 0.029559 0.104327