0 0.111144 0.695028 0.057241 0.174122
0 0.807211 0.656316 0.061296 0.108617
0 0.272518 0.693949 0.083788 0.174992
0 0.621171 0.659070 0.042399 0.125457
0 0.330829 0.698660 0.058796 0.165294
0 0.696748 0.680873 0.078313 0.201493
0 0.656087 0.689233 0.057675 0.174635
0 0.059065 0.655392 0.027673 0.082711
0 0.423322 0.670377 0.024932 0.087997
0 0.225548 0.646828 0.023203 0.069802
0 0.361082 0.642346 0.019713 0.062652
0 0.405356 0.642681 0.022831 0.060473
0 0.970766 0.615227 0.026387 0.040354
0 0.244592 0.639186 0.018408 0.053142