0 0.969374 0.669098 0.058127 0.171721
0 0.908242 0.699154 0.102335 0.165137
0 0.646382 0.547805 0.037518 0.104862
0 0.868333 0.682211 0.071044 0.152679
0 0.170846 0.468161 0.033900 0.081525
0 0.430490 0.467661 0.028673 0.056648
0 0.809094 0.513891 0.036165 0.090841
0 0.221511 0.482561 0.027329 0.083777
0 0.335809 0.458031 0.030605 0.061626
0 0.123057 0.485028 0.021048 0.081207
0 0.933213 0.550351 0.045718 0.100716
0 0.673564 0.500835 0.031034 0.093077
0 0.204380 0.474077 0.019129 0.067698
0 0.965516 0.529202 0.033828 0.093960
0 0.884222 0.533043 0.038936 0.083079
0 0.804197 0.753961 0.104535 0.055433
0 0.011508 0.538594 0.023016 0.134283