0 0.671482 0.679427 0.227763 0.300229
0 0.509361 0.648896 0.120321 0.264128
0 0.326737 0.639496 0.120977 0.255293
0 0.227924 0.683462 0.140701 0.276417
0 0.510145 0.489494 0.108999 0.174338
0 0.084099 0.364721 0.075577 0.258370
0 0.741049 0.408545 0.093227 0.181232
0 0.154564 0.404448 0.105503 0.187172
0 0.252576 0.472612 0.094541 0.238765
0 0.655536 0.560013 0.142477 0.228262
0 0.896200 0.402596 0.077183 0.192766
0 0.332605 0.508635 0.091661 0.153394
0 0.421597 0.667004 0.081481 0.254408
0 0.940832 0.361710 0.060779 0.164831