0 0.100563 0.484126 0.136614 0.439646
0 0.854589 0.572725 0.185714 0.306440
0 0.183896 0.581551 0.156934 0.369197
0 0.727198 0.574699 0.111566 0.298670
0 0.740422 0.380866 0.100303 0.226333
0 0.276205 0.585800 0.120473 0.327452
0 0.559049 0.465594 0.096239 0.104904
0 0.362141 0.573525 0.111044 0.334387
0 0.652594 0.467727 0.093493 0.093722
0 0.183637 0.394039 0.135413 0.176711
0 0.465102 0.460037 0.101261 0.119289
0 0.530714 0.399037 0.089324 0.169550
0 0.662941 0.376860 0.075967 0.192693
0 0.602474 0.397508 0.087606 0.179575
0 0.245651 0.396577 0.073799 0.183063
0 0.847096 0.383854 0.131567 0.230529
0 0.325792 0.388593 0.095005 0.193942
0 0.402968 0.387329 0.076147 0.173743