0 0.895296 0.663358 0.050867 0.084281
0 0.946071 0.624863 0.046285 0.093905
0 0.196921 0.695791 0.045448 0.107764
0 0.974531 0.614822 0.031570 0.074049
0 0.296345 0.683220 0.035903 0.098574
0 0.742842 0.653368 0.033395 0.097328
0 0.536867 0.654113 0.037285 0.099546
0 0.132391 0.657228 0.029917 0.077479
0 0.050569 0.649488 0.026602 0.071569
0 0.077221 0.651894 0.025975 0.068321
0 0.499945 0.661841 0.027862 0.076599
0 0.766962 0.651381 0.033390 0.080104
0 0.689981 0.657406 0.035942 0.087213
0 0.228953 0.645538 0.022557 0.073631
0 0.826514 0.611184 0.020197 0.053196
0 0.102883 0.633758 0.022390 0.065177