0 0.575929 0.572429 0.163571 0.566688
0 0.119830 0.576129 0.179966 0.572693
0 0.283513 0.569098 0.155839 0.560295
0 0.678855 0.511615 0.145984 0.507490
0 0.820719 0.528535 0.114518 0.487607
0 0.428695 0.596407 0.160456 0.509235
0 0.764638 0.437631 0.109404 0.493921
0 0.090451 0.315349 0.104896 0.169142
0 0.505344 0.344804 0.102194 0.198330
0 0.365669 0.360417 0.105309 0.211750
0 0.232547 0.257247 0.088882 0.174395
0 0.424813 0.276768 0.092291 0.167085
0 0.989946 0.455168 0.016984 0.194690
0 0.292732 0.295617 0.125236 0.156366
0 0.191374 0.514459 0.109523 0.542169
0 0.649681 0.267166 0.065646 0.139440