0 0.282349 0.729776 0.045282 0.139873
0 0.160700 0.722536 0.052873 0.150644
0 0.245217 0.723599 0.048610 0.150813
0 0.320680 0.732171 0.050049 0.136694
0 0.859872 0.730261 0.052672 0.151848
0 0.637253 0.741080 0.054287 0.160744
0 0.794009 0.732905 0.042655 0.149384
0 0.392689 0.744604 0.038376 0.151472
0 0.757195 0.734780 0.042102 0.139223
0 0.719231 0.733985 0.035347 0.129790
0 0.192324 0.730504 0.054294 0.137005
0 0.512956 0.740227 0.035476 0.151411
0 0.680666 0.731069 0.046019 0.148426
0 0.481910 0.747784 0.035489 0.145942
0 0.575011 0.743957 0.048704 0.156151
0 0.423352 0.749860 0.038549 0.143948