0 0.864221 0.627863 0.268433 0.569345
0 0.661064 0.551095 0.199247 0.566528
0 0.492074 0.559528 0.198959 0.560103
0 0.116856 0.590476 0.233000 0.628179
0 0.299327 0.611499 0.240407 0.606166
0 0.422698 0.333980 0.104082 0.223465
0 0.202223 0.339511 0.104133 0.185222
0 0.846228 0.331369 0.093852 0.203058
0 0.596391 0.318081 0.075376 0.164764
0 0.026839 0.331931 0.053364 0.179478
0 0.089260 0.242204 0.106893 0.139425
0 0.157913 0.245959 0.071339 0.149010
0 0.483067 0.246441 0.072731 0.111134
0 0.233075 0.256880 0.085443 0.140568