0 0.983145 0.740688 0.030585 0.082127
0 0.855682 0.691179 0.034909 0.080606
0 0.602583 0.739042 0.024944 0.083444
0 0.427360 0.706246 0.023890 0.076397
0 0.828083 0.686706 0.021511 0.068807
0 0.546397 0.657984 0.021988 0.055412
0 0.259219 0.681781 0.027235 0.068434
0 0.532240 0.707736 0.034536 0.079697
0 0.351817 0.670644 0.022929 0.067660
0 0.989747 0.619587 0.017381 0.049651
0 0.499467 0.738278 0.031645 0.085505
0 0.500500 0.667123 0.018950 0.064497
0 0.130179 0.632910 0.025836 0.044904
0 0.978608 0.512746 0.011723 0.033660
0 0.482017 0.662131 0.020848 0.044632
0 0.468660 0.728657 0.018301 0.084434