0 0.932828 0.544716 0.131220 0.462559
0 0.075956 0.552350 0.129014 0.445651
0 0.815893 0.550411 0.127836 0.449370
0 0.181488 0.539324 0.132673 0.473439
0 0.376194 0.553720 0.124939 0.449457
0 0.600482 0.553612 0.148939 0.445679
0 0.490670 0.566410 0.121219 0.422026
0 0.717813 0.568105 0.106056 0.413763
0 0.279347 0.549473 0.115132 0.456718
0 0.445586 0.367113 0.083206 0.172657
0 0.738002 0.350420 0.068556 0.164152
0 0.529781 0.358162 0.093307 0.171975
0 0.640560 0.345568 0.122117 0.187146
0 0.338583 0.333592 0.092385 0.169795