0 0.479294 0.615598 0.155430 0.330418
0 0.926186 0.629416 0.127828 0.296488
0 0.712937 0.633567 0.112084 0.291768
0 0.231475 0.563674 0.042084 0.127394
0 0.843398 0.625113 0.103504 0.304031
0 0.191371 0.564229 0.045693 0.127717
0 0.419373 0.613867 0.105909 0.279211
0 0.070557 0.541335 0.032380 0.085247
0 0.635210 0.606975 0.087903 0.280956
0 0.551154 0.621433 0.080700 0.302927
0 0.777608 0.614335 0.067876 0.254114
0 0.162586 0.542012 0.031187 0.098047
0 0.586512 0.559734 0.042712 0.146914
0 0.689606 0.509612 0.044878 0.098412