0 0.622114 0.781767 0.135082 0.185323
0 0.075702 0.785548 0.121657 0.177524
0 0.734018 0.789439 0.094272 0.168296
0 0.314389 0.795383 0.076162 0.157238
0 0.850913 0.796873 0.083509 0.155311
0 0.027069 0.802322 0.052098 0.143494
0 0.972157 0.770784 0.052562 0.140553
0 0.378617 0.798528 0.074803 0.151857
0 0.563983 0.801194 0.044243 0.146158
0 0.196615 0.797091 0.054454 0.155906
0 0.134107 0.791536 0.041127 0.123641
0 0.284890 0.790139 0.041309 0.132142
0 0.234325 0.800329 0.035994 0.129791
0 0.544079 0.763871 0.032499 0.078402
0 0.249984 0.782369 0.028488 0.115974
0 0.792880 0.799770 0.067788 0.148646