0 0.725838 0.450456 0.121400 0.265640
0 0.376184 0.516556 0.095465 0.316431
0 0.467557 0.531688 0.087033 0.318300
0 0.613106 0.522022 0.097236 0.311317
0 0.553261 0.555828 0.116910 0.330714
0 0.071298 0.361416 0.056262 0.117836
0 0.041678 0.360817 0.038750 0.114289
0 0.117484 0.361775 0.033767 0.118317
0 0.806895 0.416443 0.020217 0.060800
0 0.286428 0.382204 0.033112 0.092273
0 0.829850 0.420103 0.019839 0.056546
0 0.340106 0.378799 0.031422 0.097878
0 0.666142 0.405966 0.016984 0.061438
0 0.322242 0.381815 0.023914 0.094898
0 0.615623 0.379026 0.029194 0.057650
0 0.857249 0.429494 0.027108 0.033736