0 0.085927 0.722137 0.073121 0.111659
0 0.079522 0.629122 0.074038 0.097889
0 0.222099 0.508456 0.056658 0.089458
0 0.645890 0.550576 0.037469 0.095347
0 0.325521 0.554842 0.052471 0.082477
0 0.870671 0.533306 0.041599 0.082029
0 0.213431 0.362561 0.021148 0.062525
0 0.815103 0.630997 0.058154 0.093424
0 0.847519 0.393046 0.020079 0.086043
0 0.544238 0.331668 0.029510 0.058238
0 0.860297 0.711752 0.052798 0.106493
0 0.485040 0.283333 0.019109 0.042539
0 0.729411 0.352225 0.040012 0.066621
0 0.206907 0.320125 0.013436 0.034411
0 0.731480 0.306876 0.024536 0.052804
0 0.452963 0.336933 0.025204 0.052658
0 0.296081 0.310668 0.021370 0.051016