0 0.936638 0.667071 0.123600 0.219935
0 0.388680 0.640506 0.130276 0.276986
0 0.666361 0.582689 0.063041 0.165377
0 0.590991 0.641923 0.068371 0.267122
0 0.847232 0.575701 0.066329 0.140378
0 0.308962 0.606794 0.088342 0.186309
0 0.041787 0.648481 0.083187 0.250069
0 0.113636 0.680769 0.140000 0.198309
0 0.253971 0.577061 0.068832 0.153428
0 0.208606 0.626472 0.107716 0.236316
0 0.769189 0.527671 0.031160 0.088201
0 0.494124 0.586329 0.043842 0.169604
0 0.090805 0.518476 0.042952 0.085904
0 0.363264 0.528328 0.041991 0.076251
0 0.724756 0.520688 0.030279 0.080360
0 0.945511 0.520838 0.026907 0.071079