0 0.097240 0.598190 0.055622 0.180377
0 0.046515 0.602336 0.054928 0.174555
0 0.291102 0.557775 0.054258 0.082117
0 0.248788 0.558218 0.054036 0.082465
0 0.342094 0.545033 0.053139 0.069076
0 0.192380 0.595953 0.051549 0.167400
0 0.725248 0.565007 0.036185 0.064844
0 0.828390 0.566988 0.035395 0.062818
0 0.227087 0.546148 0.041394 0.081901
0 0.582258 0.562721 0.044831 0.071084
0 0.760863 0.567574 0.040004 0.061857
0 0.392376 0.561132 0.045333 0.074494
0 0.688255 0.565029 0.048055 0.063783
0 0.016223 0.603689 0.032087 0.149493
0 0.512753 0.552024 0.029295 0.042096
0 0.624625 0.567546 0.037730 0.059594
0 0.530444 0.569361 0.061367 0.058214
0 0.441090 0.560896 0.045150 0.074372