0 0.065943 0.736663 0.131469 0.470189
0 0.198842 0.697873 0.156001 0.482061
0 0.486191 0.690934 0.147816 0.505566
0 0.745312 0.674488 0.130025 0.488995
0 0.618811 0.679936 0.132125 0.488777
0 0.855675 0.677919 0.118538 0.496971
0 0.950296 0.592212 0.096283 0.437980
0 0.317821 0.729556 0.166399 0.409232
0 0.332749 0.495489 0.181305 0.207031
0 0.504030 0.428658 0.123477 0.142544
0 0.791862 0.433863 0.086304 0.167107
0 0.745040 0.443738 0.148479 0.149776
0 0.640172 0.401034 0.126150 0.138796
0 0.659059 0.470461 0.094122 0.169240
0 0.406841 0.481575 0.087920 0.234002
0 0.406710 0.601096 0.092501 0.474386