0 0.822207 0.497582 0.352462 0.514588
0 0.225616 0.597217 0.236646 0.321470
0 0.095209 0.594372 0.189598 0.326891
0 0.589527 0.551077 0.235204 0.409767
0 0.410084 0.576969 0.169937 0.357623
0 0.860511 0.367987 0.133615 0.151095
0 0.614640 0.328356 0.153510 0.179620
0 0.187473 0.493046 0.091615 0.147040
0 0.532511 0.328756 0.057583 0.097631
0 0.963328 0.452162 0.070220 0.170377
0 0.477984 0.387061 0.113055 0.242582
0 0.359687 0.346908 0.169970 0.216001
0 0.022426 0.467413 0.044715 0.118818
0 0.891339 0.344104 0.063716 0.136768