0 0.031639 0.606081 0.051667 0.136199
0 0.358760 0.602860 0.053208 0.108857
0 0.740380 0.675192 0.074127 0.247022
0 0.080141 0.603592 0.052457 0.133844
0 0.141550 0.609877 0.051280 0.139248
0 0.689249 0.622115 0.061816 0.156751
0 0.236284 0.599874 0.050428 0.119459
0 0.778316 0.672212 0.046998 0.220969
0 0.485281 0.600681 0.036321 0.104042
0 0.939256 0.620464 0.050897 0.139910
0 0.324051 0.568784 0.027376 0.079386
0 0.628160 0.598267 0.033182 0.107219
0 0.856605 0.621384 0.044152 0.132230
0 0.530092 0.608313 0.040635 0.109067