0 0.935914 0.721231 0.125048 0.302651
0 0.815820 0.688154 0.109039 0.218465
0 0.145387 0.702869 0.074792 0.189240
0 0.655601 0.706217 0.093693 0.224120
0 0.421911 0.674809 0.056525 0.168771
0 0.512179 0.685165 0.046888 0.170349
0 0.025139 0.709396 0.050003 0.197955
0 0.221288 0.695207 0.052370 0.164298
0 0.284164 0.697619 0.068107 0.183478
0 0.075721 0.699834 0.061221 0.164159
0 0.363346 0.650979 0.036163 0.102611
0 0.466191 0.650390 0.034576 0.097961
0 0.318188 0.669535 0.039247 0.138518
0 0.107015 0.704157 0.063682 0.162397