0 0.670267 0.568469 0.118342 0.293474
0 0.915214 0.547855 0.095389 0.253488
0 0.970152 0.564302 0.056570 0.286510
0 0.784173 0.571216 0.111968 0.286136
0 0.463497 0.511172 0.126970 0.463589
0 0.223201 0.566337 0.105854 0.286645
0 0.852806 0.532491 0.073066 0.266056
0 0.042781 0.480308 0.081512 0.182881
0 0.170557 0.531775 0.070791 0.222487
0 0.587294 0.558694 0.079016 0.239156
0 0.289717 0.560385 0.050487 0.244792
0 0.326036 0.565014 0.055253 0.258725
0 0.108994 0.478931 0.079011 0.192185
0 0.373751 0.554606 0.065316 0.260524
0 0.599168 0.439895 0.077858 0.091078
0 0.743856 0.551676 0.059207 0.256799
0 0.283724 0.435558 0.052248 0.080323
0 0.716216 0.445010 0.044463 0.072682