0 0.287421 0.569067 0.141993 0.378614
0 0.794643 0.561737 0.151163 0.389689
0 0.421031 0.560692 0.158279 0.394372
0 0.153728 0.578655 0.167982 0.354805
0 0.067790 0.534513 0.134968 0.444707
0 0.915810 0.555470 0.162947 0.402579
0 0.664705 0.573023 0.128193 0.370075
0 0.550798 0.568021 0.134907 0.379217
0 0.223017 0.418310 0.068387 0.152903
0 0.705652 0.428429 0.079800 0.151364
0 0.841715 0.400919 0.084930 0.152570
0 0.586585 0.419265 0.074065 0.128369
0 0.478997 0.412390 0.058172 0.126741
0 0.359927 0.405887 0.074167 0.177358