0 0.744921 0.369935 0.090201 0.212922
0 0.154336 0.349324 0.097964 0.261981
0 0.273652 0.272478 0.087986 0.087543
0 0.830399 0.364903 0.093156 0.234324
0 0.595617 0.287184 0.093494 0.073448
0 0.972711 0.369993 0.034141 0.137943
0 0.512573 0.689164 0.190596 0.175714
0 0.894913 0.373077 0.051044 0.199894
0 0.358376 0.280740 0.089115 0.095997
0 0.645022 0.284603 0.053204 0.054142
0 0.456649 0.294952 0.073818 0.085294
0 0.394903 0.275179 0.063378 0.102279
0 0.233606 0.275780 0.043338 0.072965
0 0.193308 0.338566 0.054946 0.219091
0 0.525783 0.291683 0.049619 0.060836
0 0.936079 0.368131 0.039009 0.149907