0 0.774480 0.620733 0.157111 0.298247
0 0.609132 0.645059 0.098697 0.248565
0 0.268167 0.654754 0.081721 0.226592
0 0.521462 0.644304 0.090657 0.249720
0 0.415366 0.664607 0.068972 0.187396
0 0.968515 0.623700 0.059846 0.206262
0 0.047526 0.675254 0.059002 0.161187
0 0.931557 0.654930 0.085765 0.154674
0 0.152866 0.674445 0.046916 0.152418
0 0.476435 0.677445 0.047124 0.134949
0 0.882149 0.680132 0.095259 0.154548
0 0.103370 0.684398 0.046998 0.129165
0 0.211968 0.679491 0.055074 0.156858
0 0.338431 0.682510 0.040522 0.123210
0 0.182585 0.679498 0.032095 0.136006
0 0.380092 0.674433 0.038204 0.140210