0 0.979635 0.837587 0.037605 0.130976
0 0.657897 0.840212 0.044724 0.161692
0 0.073610 0.817463 0.033900 0.091812
0 0.756999 0.828061 0.034664 0.094061
0 0.908066 0.822420 0.036133 0.095313
0 0.009611 0.848432 0.018962 0.151584
0 0.169202 0.818685 0.031728 0.098717
0 0.724657 0.831929 0.028384 0.107936
0 0.137447 0.823456 0.027915 0.090051
0 0.695167 0.828374 0.030977 0.116367
0 0.465666 0.805470 0.022640 0.066946
0 0.404717 0.798208 0.018632 0.054328
0 0.425066 0.797002 0.024268 0.062715
0 0.443610 0.801641 0.022419 0.070467