0 0.128782 0.597922 0.080172 0.206115
0 0.855782 0.598940 0.061550 0.191628
0 0.732269 0.592575 0.059118 0.170907
0 0.240128 0.579394 0.058047 0.193892
0 0.196091 0.587544 0.054393 0.195169
0 0.466967 0.604054 0.073306 0.230055
0 0.302808 0.577281 0.072089 0.196358
0 0.786749 0.608062 0.059585 0.209930
0 0.700078 0.571972 0.050784 0.177085
0 0.648875 0.592035 0.054315 0.193643
0 0.591074 0.579147 0.061680 0.194390
0 0.367401 0.578828 0.048555 0.165016
0 0.524132 0.583738 0.058145 0.178341
0 0.425075 0.573321 0.046885 0.159160
0 0.345185 0.560715 0.037907 0.155426
0 0.617820 0.570644 0.038878 0.178873
0 0.549122 0.558501 0.033086 0.158182