0 0.661981 0.643515 0.079885 0.175070
0 0.519398 0.666985 0.068077 0.227948
0 0.394278 0.669793 0.066077 0.216002
0 0.586128 0.661781 0.074577 0.207992
0 0.457041 0.667045 0.066940 0.211696
0 0.813543 0.670298 0.078141 0.183082
0 0.192705 0.653166 0.089623 0.187477
0 0.930803 0.624575 0.076879 0.268985
0 0.262688 0.654905 0.072713 0.181916
0 0.329483 0.670894 0.071945 0.218138
0 0.045935 0.614690 0.072798 0.282468
0 0.277837 0.555202 0.075137 0.125726
0 0.736324 0.644451 0.076269 0.159235
0 0.500742 0.551699 0.059201 0.110245
0 0.861370 0.571083 0.072078 0.139840
0 0.125133 0.649849 0.094881 0.216309
0 0.794127 0.592907 0.074253 0.157628
0 0.554807 0.554707 0.058608 0.114765
0 0.381437 0.557409 0.062511 0.118151