0 0.105197 0.747064 0.062700 0.076037
0 0.837349 0.739989 0.049339 0.080042
0 0.356285 0.736057 0.065767 0.097279
0 0.883896 0.738337 0.046969 0.086545
0 0.536857 0.740290 0.016456 0.045697
0 0.028657 0.739413 0.040793 0.086177
0 0.966620 0.740007 0.039969 0.086452
0 0.928424 0.741953 0.041362 0.081536
0 0.672163 0.743014 0.035050 0.078802
0 0.519778 0.741272 0.015048 0.038620
0 0.171654 0.740961 0.020950 0.048690
0 0.775285 0.745466 0.021818 0.058703
0 0.224011 0.741591 0.014869 0.039225
0 0.740212 0.742577 0.027515 0.060047
0 0.647595 0.742463 0.028872 0.075554