0 0.201042 0.673595 0.384362 0.314006
0 0.831865 0.658420 0.333145 0.342400
0 0.520941 0.602451 0.109656 0.338036
0 0.674428 0.587697 0.081131 0.245674
0 0.335844 0.603747 0.123298 0.337362
0 0.396401 0.594694 0.084912 0.305892
0 0.193936 0.541874 0.061166 0.144919
0 0.105397 0.491416 0.063582 0.062290
0 0.453842 0.528057 0.046236 0.141407
0 0.960273 0.486018 0.063323 0.073400
0 0.606686 0.543691 0.055401 0.162393
0 0.262655 0.579232 0.086251 0.281868
0 0.767012 0.562271 0.074751 0.217729
0 0.043345 0.547071 0.086470 0.144151
0 0.802639 0.538846 0.046773 0.148870