0 0.059473 0.714707 0.062755 0.109202
0 0.497690 0.691733 0.023299 0.065919
0 0.231058 0.726097 0.030311 0.093517
0 0.133978 0.718646 0.034658 0.101311
0 0.819864 0.690825 0.020493 0.063118
0 0.263897 0.719043 0.034448 0.086668
0 0.689495 0.686392 0.019489 0.063228
0 0.711373 0.696211 0.024852 0.054186
0 0.865822 0.671886 0.021715 0.052228
0 0.773015 0.683340 0.022663 0.060748
0 0.189730 0.721736 0.028496 0.091430
0 0.906328 0.674325 0.019577 0.048732
0 0.945337 0.664336 0.015707 0.030761
0 0.174132 0.715008 0.019529 0.084983
0 0.448902 0.691431 0.024048 0.064210
0 0.848735 0.671802 0.015685 0.048738