0 0.903097 0.583207 0.190680 0.426001
0 0.596436 0.555765 0.168857 0.483389
0 0.440561 0.562928 0.203024 0.463895
0 0.972601 0.727938 0.051674 0.137767
0 0.725812 0.608372 0.231635 0.373574
0 0.075226 0.634043 0.149705 0.329114
0 0.741431 0.417617 0.185857 0.271069
0 0.023598 0.486237 0.046840 0.269289
0 0.196294 0.619955 0.182273 0.354354
0 0.790940 0.339093 0.136265 0.263696
0 0.054664 0.357563 0.109329 0.286427
0 0.861141 0.336191 0.109228 0.261115
0 0.685536 0.312251 0.103259 0.167363
0 0.328386 0.515231 0.183888 0.459939
0 0.260875 0.290347 0.112283 0.211291
0 0.569021 0.272853 0.107512 0.243001