0 0.594943 0.740304 0.051693 0.075303
0 0.193492 0.684352 0.035218 0.109473
0 0.762810 0.746909 0.042058 0.122275
0 0.088274 0.706661 0.029582 0.113806
0 0.382876 0.713274 0.041163 0.112056
0 0.512010 0.705177 0.038706 0.113615
0 0.938988 0.720395 0.056879 0.085462
0 0.433212 0.628644 0.029261 0.088712
0 0.461294 0.629806 0.028579 0.086275
0 0.709229 0.684086 0.035008 0.101714
0 0.506028 0.626004 0.037504 0.084207
0 0.341292 0.714093 0.037269 0.113423
0 0.719859 0.776499 0.040661 0.068215
0 0.547964 0.535086 0.026530 0.077407
0 0.681649 0.689311 0.030679 0.109343
0 0.973483 0.728949 0.049909 0.074922
0 0.393657 0.612344 0.027493 0.086979
0 0.639187 0.685861 0.038271 0.111965