0 0.540536 0.574961 0.054809 0.161878
0 0.857533 0.550242 0.261442 0.456505
0 0.042697 0.614007 0.082260 0.296552
0 0.144333 0.604820 0.072329 0.250908
0 0.587845 0.581759 0.043954 0.150232
0 0.272093 0.589722 0.053829 0.194923
0 0.211921 0.602690 0.052342 0.205858
0 0.311638 0.584428 0.039950 0.174226
0 0.968177 0.582599 0.033875 0.106709
0 0.627298 0.570489 0.028512 0.080291
0 0.350071 0.582283 0.038307 0.154218
0 0.657548 0.564173 0.018085 0.058126
0 0.639870 0.455077 0.017012 0.046550
0 0.992640 0.573485 0.011594 0.089354
0 0.379033 0.580370 0.030176 0.142791
0 0.098102 0.580266 0.042134 0.137303