0 0.095357 0.548746 0.148819 0.343804
0 0.321925 0.646619 0.138165 0.306108
0 0.924444 0.572506 0.147987 0.392012
0 0.635076 0.689286 0.130094 0.259198
0 0.278263 0.460048 0.086469 0.098821
0 0.213542 0.456750 0.073358 0.110840
0 0.464620 0.664626 0.081854 0.215473
0 0.420475 0.519182 0.078110 0.253974
0 0.735638 0.657529 0.077341 0.201834
0 0.547516 0.555077 0.081997 0.287342
0 0.853975 0.572987 0.085546 0.301032
0 0.810797 0.558797 0.070550 0.259150
0 0.491571 0.568890 0.084308 0.230309
0 0.160915 0.525998 0.076272 0.194607
0 0.626660 0.552727 0.095298 0.136987
0 0.770830 0.519456 0.059864 0.244160
0 0.711520 0.484185 0.082579 0.152707