0 0.221345 0.716040 0.214402 0.228732
0 0.370000 0.495270 0.154100 0.324918
0 0.708615 0.670419 0.255599 0.318680
0 0.598806 0.491475 0.111044 0.307049
0 0.711107 0.520792 0.134649 0.310239
0 0.594636 0.721165 0.165924 0.218668
0 0.155546 0.596440 0.183700 0.383566
0 0.819969 0.559004 0.128542 0.405191
0 0.363279 0.775190 0.142613 0.115880
0 0.423689 0.734160 0.195073 0.195010
0 0.955075 0.639482 0.086724 0.377569
0 0.970256 0.419509 0.056362 0.089464
0 0.248975 0.501426 0.092705 0.256944
0 0.491981 0.460317 0.113841 0.241726
0 0.441503 0.620894 0.184545 0.188791
0 0.909843 0.637830 0.177189 0.377626
0 0.083353 0.572098 0.098502 0.412651
0 0.021411 0.578038 0.042718 0.280941
0 0.764498 0.384662 0.060384 0.127338