0 0.607220 0.616478 0.163828 0.320309
0 0.089923 0.582922 0.179299 0.389048
0 0.869990 0.583770 0.256894 0.383262
0 0.463770 0.597292 0.155897 0.362002
0 0.720002 0.618108 0.121367 0.316727
0 0.251731 0.608286 0.202054 0.339769
0 0.709655 0.461413 0.110677 0.164024
0 0.349042 0.582999 0.115094 0.385851
0 0.592031 0.437762 0.082043 0.147464
0 0.771412 0.421397 0.061675 0.084953
0 0.527116 0.477649 0.075026 0.151847
0 0.403331 0.424842 0.107204 0.210451
0 0.021553 0.438340 0.042768 0.157041
0 0.316746 0.367396 0.121038 0.193938
0 0.203741 0.401826 0.113501 0.206991
0 0.645038 0.441183 0.037876 0.036559