0 0.838074 0.516498 0.079769 0.193230
0 0.249959 0.500588 0.062297 0.180852
0 0.227753 0.569655 0.060464 0.116745
0 0.393059 0.471422 0.051125 0.117058
0 0.671352 0.557575 0.057929 0.112474
0 0.306759 0.564952 0.073567 0.117878
0 0.180520 0.516611 0.039743 0.097009
0 0.483992 0.554450 0.061695 0.129924
0 0.331580 0.490136 0.068399 0.135251
0 0.686341 0.487060 0.046199 0.122387
0 0.730107 0.560674 0.062459 0.112456
0 0.733771 0.478154 0.059749 0.129237
0 0.423788 0.552889 0.060904 0.129443
0 0.370944 0.562533 0.060272 0.115954
0 0.785569 0.554457 0.057475 0.127636
0 0.612103 0.542833 0.064601 0.103025