0 0.240939 0.540159 0.045023 0.127668
0 0.107792 0.519607 0.035161 0.090367
0 0.625437 0.501928 0.026915 0.080822
0 0.454207 0.506800 0.032487 0.078026
0 0.519134 0.499302 0.027606 0.071347
0 0.215281 0.537757 0.028846 0.130609
0 0.154440 0.513817 0.032772 0.078593
0 0.276597 0.511963 0.026605 0.078300
0 0.323979 0.507776 0.031106 0.072764
0 0.584354 0.508494 0.026401 0.076525
0 0.401114 0.495258 0.025415 0.075362
0 0.552964 0.501673 0.024598 0.065788
0 0.663235 0.468820 0.017539 0.039952
0 0.420444 0.506341 0.024770 0.056054
0 0.214331 0.507988 0.025512 0.070794
0 0.492110 0.496878 0.021576 0.059001