0 0.077222 0.634733 0.153794 0.385120
0 0.244467 0.513061 0.137295 0.416651
0 0.397433 0.547288 0.103165 0.343448
0 0.557632 0.490777 0.130395 0.336767
0 0.793699 0.505069 0.117923 0.352092
0 0.682930 0.515100 0.122391 0.329317
0 0.892666 0.409860 0.086733 0.237662
0 0.979457 0.442746 0.037960 0.288064
0 0.171455 0.442698 0.057504 0.243187
0 0.480988 0.430169 0.064673 0.241533
0 0.687966 0.340054 0.098742 0.147332
0 0.409981 0.370278 0.084813 0.127645
0 0.606879 0.344705 0.082123 0.149392
0 0.755256 0.371306 0.047661 0.109760