0 0.160001 0.503149 0.091018 0.167372
0 0.068008 0.462372 0.083226 0.215706
0 0.889053 0.462730 0.059068 0.236274
0 0.318979 0.505480 0.068636 0.144369
0 0.940018 0.471459 0.068671 0.248311
0 0.469607 0.519480 0.052916 0.113373
0 0.408852 0.519204 0.069697 0.123608
0 0.831485 0.516769 0.096261 0.159200
0 0.230371 0.512776 0.053532 0.127562
0 0.114077 0.459419 0.068497 0.203762
0 0.518685 0.517074 0.051104 0.115087
0 0.444194 0.439496 0.057981 0.122058
0 0.639192 0.437111 0.051501 0.098496
0 0.789765 0.437133 0.062439 0.127802
0 0.657741 0.518882 0.058783 0.128473
0 0.613380 0.511493 0.049183 0.127134
0 0.682102 0.417897 0.046437 0.106763
0 0.492574 0.439860 0.045583 0.110258
0 0.270686 0.503644 0.057955 0.138442
0 0.754172 0.521614 0.062008 0.135952
0 0.719555 0.424947 0.049380 0.113492
0 0.389967 0.421759 0.066138 0.099541
0 0.329345 0.422523 0.054580 0.089122
0 0.578868 0.469290 0.052241 0.170450
0 0.835229 0.417487 0.057547 0.103991