0 0.073912 0.517950 0.146825 0.388736
0 0.217801 0.592285 0.141518 0.281308
0 0.893277 0.525557 0.101834 0.362936
0 0.345786 0.598767 0.122180 0.237148
0 0.198107 0.443704 0.105131 0.205398
0 0.667379 0.600663 0.120745 0.246218
0 0.297718 0.448929 0.094814 0.239743
0 0.942580 0.506825 0.076008 0.362524
0 0.744383 0.500815 0.095541 0.379349
0 0.564748 0.578587 0.083919 0.212017
0 0.822441 0.509330 0.081121 0.363568
0 0.653037 0.448214 0.087917 0.213844
0 0.480386 0.448634 0.082238 0.170777
0 0.566770 0.441129 0.096952 0.232727
0 0.400608 0.508797 0.100791 0.345032
0 0.473672 0.597408 0.086272 0.239648
0 0.695641 0.377049 0.081496 0.193689