0 0.553494 0.771075 0.070193 0.104618
0 0.979282 0.736264 0.038312 0.076344
0 0.743479 0.743298 0.039572 0.075095
0 0.377170 0.748671 0.042135 0.044883
0 0.232382 0.746179 0.036693 0.066988
0 0.943803 0.741786 0.046321 0.076620
0 0.717381 0.741648 0.024807 0.070680
0 0.800579 0.755958 0.026181 0.043386
0 0.829220 0.749901 0.022357 0.049260
0 0.918316 0.738299 0.027984 0.071430
0 0.320265 0.735360 0.014162 0.038104
0 0.513076 0.764805 0.026934 0.065776
0 0.627098 0.732607 0.018450 0.041969
0 0.684144 0.760840 0.044910 0.049207