0 0.031305 0.509518 0.062358 0.200152
0 0.770359 0.569924 0.058442 0.139761
0 0.949055 0.576539 0.096051 0.145557
0 0.859997 0.565003 0.060031 0.143084
0 0.805834 0.541869 0.049260 0.165745
0 0.620461 0.568794 0.045615 0.110059
0 0.490480 0.561499 0.048940 0.116687
0 0.255757 0.573739 0.057442 0.107402
0 0.437826 0.560762 0.046094 0.108345
0 0.578868 0.486431 0.049160 0.088059
0 0.574579 0.563518 0.050881 0.122292
0 0.544911 0.503516 0.042297 0.088379
0 0.703393 0.574342 0.050273 0.115773
0 0.910973 0.484467 0.056009 0.090038
0 0.689141 0.485569 0.036002 0.093379
0 0.724337 0.521904 0.047213 0.166027