0 0.876562 0.575945 0.212738 0.502455
0 0.395793 0.638983 0.155743 0.382563
0 0.253470 0.615833 0.159131 0.425861
0 0.698250 0.639914 0.191684 0.378708
0 0.067736 0.605813 0.134940 0.441611
0 0.515068 0.622862 0.128620 0.412559
0 0.602277 0.635281 0.123218 0.386288
0 0.128655 0.634988 0.148643 0.389285
0 0.675613 0.443264 0.122212 0.183795
0 0.946932 0.592094 0.099463 0.471438
0 0.325570 0.466329 0.077050 0.163378
0 0.563701 0.440307 0.051430 0.116319
0 0.203071 0.447934 0.071699 0.143948
0 0.425546 0.464967 0.103520 0.167194
0 0.793132 0.452487 0.051111 0.097946