0 0.184552 0.760741 0.296477 0.272425
0 0.776283 0.568565 0.095597 0.264109
0 0.873524 0.530909 0.075723 0.178493
0 0.031857 0.720470 0.063098 0.354959
0 0.673805 0.588462 0.112502 0.241338
0 0.207702 0.547821 0.065893 0.177619
0 0.984388 0.532369 0.028099 0.142297
0 0.462406 0.642054 0.079261 0.284087
0 0.551861 0.560152 0.048348 0.165820
0 0.600002 0.555683 0.063362 0.191619
0 0.843666 0.531425 0.041414 0.155785
0 0.413385 0.556496 0.061808 0.202973
0 0.507693 0.555176 0.048164 0.200869
0 0.315064 0.525873 0.046676 0.120680