0 0.357287 0.584616 0.374703 0.825586
0 0.608239 0.675703 0.390564 0.644754
0 0.180746 0.197881 0.059725 0.203048
0 0.806515 0.607757 0.302544 0.777705
0 0.441732 0.296526 0.167898 0.223459
0 0.642599 0.385835 0.216644 0.288340
0 0.137357 0.198178 0.065323 0.194171
0 0.195282 0.532001 0.203164 0.682708
0 0.739377 0.202860 0.051922 0.083555
0 0.676888 0.205734 0.080847 0.107501
0 0.617511 0.347021 0.115206 0.185835
0 0.941758 0.324004 0.113359 0.138839
0 0.257825 0.144819 0.053716 0.083860
0 0.912814 0.282045 0.065668 0.113250