0 0.606883 0.684352 0.089586 0.196225
0 0.040048 0.679485 0.079639 0.198980
0 0.533632 0.669441 0.075068 0.207193
0 0.437113 0.682168 0.078014 0.199415
0 0.263766 0.652597 0.070926 0.163440
0 0.835571 0.631326 0.057239 0.141258
0 0.928640 0.637332 0.056422 0.138128
0 0.160651 0.644856 0.039804 0.117410
0 0.102048 0.650730 0.052378 0.132237
0 0.374052 0.643976 0.046183 0.143049
0 0.763684 0.626350 0.045076 0.127845
0 0.896107 0.645161 0.035333 0.110145
0 0.987422 0.653417 0.022030 0.166105
0 0.557547 0.616455 0.026027 0.066938
0 0.296443 0.634076 0.030479 0.067839