0 0.278591 0.680792 0.194142 0.301490
0 0.885855 0.425922 0.117254 0.238290
0 0.294601 0.400012 0.165772 0.268265
0 0.040008 0.486191 0.080016 0.099343
0 0.141874 0.483802 0.112920 0.105112
0 0.735731 0.416070 0.116272 0.252501
0 0.596564 0.632141 0.256067 0.399017
0 0.399578 0.381446 0.107911 0.309903
0 0.511199 0.468327 0.182024 0.458984
0 0.590433 0.348201 0.113477 0.195009
0 0.037274 0.304465 0.074082 0.245742
0 0.062471 0.823178 0.065301 0.024509
0 0.146853 0.306447 0.128395 0.261993
0 0.726162 0.305387 0.104514 0.145191