0 0.195488 0.426496 0.158826 0.363039
0 0.676541 0.648800 0.164449 0.306090
0 0.116397 0.584575 0.232662 0.246630
0 0.096697 0.740206 0.193005 0.125519
0 0.071385 0.454854 0.142361 0.284957
0 0.861679 0.633679 0.136106 0.335765
0 0.083457 0.267378 0.084083 0.124632
0 0.772497 0.453641 0.085200 0.168277
0 0.556861 0.503462 0.099815 0.230872
0 0.289993 0.286603 0.129683 0.180035
0 0.404952 0.476015 0.148530 0.252719
0 0.565060 0.689758 0.129432 0.226863
0 0.965743 0.656680 0.065388 0.291405
0 0.919815 0.659725 0.099708 0.283476
0 0.625230 0.448652 0.088473 0.210071
0 0.476707 0.702755 0.139378 0.201771
0 0.028745 0.449237 0.057490 0.328455
0 0.310395 0.473078 0.139502 0.207647
0 0.391608 0.280292 0.089728 0.108152
0 0.283140 0.687089 0.195199 0.228291
0 0.385772 0.663375 0.133378 0.272729
0 0.823669 0.690285 0.087156 0.225608
0 0.025121 0.240849 0.049943 0.088130
0 0.476503 0.355869 0.134768 0.164580
0 0.512363 0.256750 0.084190 0.103482