0 0.805179 0.660277 0.072609 0.199918
0 0.529333 0.657937 0.071517 0.212216
0 0.715992 0.662085 0.063691 0.184496
0 0.460277 0.669944 0.065251 0.177175
0 0.386264 0.670568 0.061497 0.196024
0 0.631983 0.660575 0.071507 0.191961
0 0.086500 0.669843 0.066844 0.178167
0 0.340836 0.679854 0.053198 0.176539
0 0.271381 0.646818 0.040341 0.146155
0 0.150968 0.671935 0.056360 0.172406
0 0.962714 0.647570 0.037754 0.125040
0 0.984469 0.645108 0.027936 0.139109
0 0.050397 0.661463 0.044698 0.163499
0 0.900512 0.627921 0.036955 0.103717
0 0.233782 0.652969 0.042437 0.120696
0 0.848461 0.621828 0.029310 0.088679
0 0.013125 0.671309 0.026150 0.193348
0 0.297521 0.640748 0.032785 0.117835
0 0.939149 0.630823 0.041761 0.110597