0 0.539819 0.492955 0.194979 0.276545
0 0.887826 0.438367 0.073699 0.178616
0 0.725232 0.498467 0.110863 0.298841
0 0.654123 0.499463 0.080758 0.268889
0 0.949550 0.458211 0.067511 0.192835
0 0.818905 0.429920 0.053187 0.170130
0 0.778594 0.435879 0.052529 0.186936
0 0.254672 0.496614 0.061197 0.183991
0 0.424413 0.461569 0.057753 0.137204
0 0.984213 0.458186 0.028448 0.170876
0 0.420448 0.404719 0.056746 0.085501
0 0.358562 0.435078 0.081399 0.116812
0 0.858734 0.424889 0.039165 0.149149
0 0.602101 0.414410 0.065693 0.116913