0 0.281242 0.575040 0.145352 0.483455
0 0.409555 0.581336 0.146932 0.448965
0 0.071217 0.608254 0.141730 0.438612
0 0.848888 0.582776 0.141847 0.417436
0 0.705460 0.574491 0.157202 0.400138
0 0.200161 0.324558 0.122521 0.304584
0 0.176100 0.620258 0.124321 0.414801
0 0.535752 0.576173 0.129685 0.417095
0 0.925659 0.557572 0.133247 0.419932
0 0.615263 0.564151 0.114264 0.401927
0 0.405434 0.315027 0.101539 0.237438
0 0.489042 0.337910 0.086344 0.249817
0 0.310113 0.319391 0.103616 0.241794
0 0.762779 0.397422 0.082296 0.144670
0 0.596159 0.319471 0.116891 0.220349