0 0.774386 0.510137 0.289112 0.417223
0 0.550791 0.613926 0.211679 0.311936
0 0.406368 0.630859 0.153370 0.328770
0 0.925302 0.376783 0.146270 0.244043
0 0.193670 0.604717 0.353062 0.452966
0 0.485989 0.405538 0.132208 0.334508
0 0.675326 0.433047 0.113996 0.245128
0 0.947890 0.560259 0.101096 0.161311
0 0.840462 0.736047 0.315952 0.184805
0 0.269603 0.383706 0.137770 0.282493
0 0.143580 0.680190 0.285657 0.291212
0 0.186293 0.337085 0.141023 0.121872
0 0.865431 0.292301 0.089252 0.137113
0 0.619378 0.339617 0.144908 0.261322
0 0.019985 0.337300 0.039831 0.100185
0 0.601571 0.412006 0.090265 0.139578