0 0.211986 0.744106 0.133741 0.255917
0 0.472440 0.675113 0.066218 0.154849
0 0.271327 0.706306 0.076705 0.224369
0 0.609389 0.666868 0.053830 0.123804
0 0.966779 0.658767 0.036126 0.099984
0 0.683395 0.665988 0.039899 0.128746
0 0.074431 0.755256 0.148198 0.227123
0 0.086109 0.685646 0.068487 0.182624
0 0.715437 0.653210 0.036171 0.119081
0 0.118933 0.621802 0.043363 0.097767
0 0.546020 0.638241 0.028332 0.090572
0 0.664718 0.639962 0.024706 0.089494
0 0.365174 0.609322 0.018779 0.053583
0 0.142345 0.618377 0.025586 0.087293
0 0.392666 0.614087 0.028760 0.070199