0 0.084820 0.633821 0.169027 0.391296
0 0.389032 0.560136 0.076245 0.258900
0 0.486272 0.563670 0.078845 0.254431
0 0.850358 0.673226 0.296158 0.312074
0 0.630850 0.546020 0.108595 0.314170
0 0.810622 0.551844 0.180108 0.354008
0 0.270040 0.535913 0.103796 0.258533
0 0.563909 0.551678 0.070399 0.262199
0 0.185551 0.645969 0.151723 0.363430
0 0.696050 0.641207 0.062432 0.220096
0 0.974850 0.569239 0.047175 0.242515
0 0.909282 0.479356 0.071466 0.087709
0 0.332706 0.453176 0.033976 0.093031
0 0.688734 0.492662 0.054801 0.150212
0 0.744971 0.495202 0.071742 0.166656
0 0.865518 0.449435 0.047673 0.068635