0 0.926917 0.550621 0.130962 0.402111
0 0.818476 0.531806 0.109609 0.363974
0 0.062508 0.527701 0.121363 0.410437
0 0.140034 0.554064 0.112470 0.390905
0 0.740652 0.551155 0.099020 0.320976
0 0.686953 0.506908 0.077873 0.352413
0 0.222652 0.557251 0.104637 0.367690
0 0.335126 0.520057 0.087977 0.297376
0 0.484586 0.510909 0.105715 0.339213
0 0.623768 0.518781 0.080332 0.330289
0 0.408236 0.514855 0.074159 0.303529
0 0.554810 0.511954 0.075479 0.325574
0 0.265794 0.507286 0.074619 0.333445
0 0.753496 0.376546 0.083353 0.124851
0 0.172817 0.394143 0.048993 0.103220
0 0.876167 0.500071 0.080582 0.392040
0 0.875225 0.380445 0.078889 0.148843