0 0.113146 0.744025 0.226291 0.182883
0 0.332677 0.744101 0.130719 0.175332
0 0.224886 0.770912 0.121099 0.123255
0 0.329271 0.619203 0.097935 0.127323
0 0.923840 0.743622 0.133740 0.177973
0 0.267398 0.703225 0.083092 0.172589
0 0.773104 0.765413 0.158914 0.134872
0 0.426523 0.708312 0.116107 0.181957
0 0.561374 0.681036 0.093250 0.160560
0 0.470800 0.625165 0.077437 0.169787
0 0.700003 0.742346 0.096998 0.176291
0 0.354951 0.598049 0.036818 0.055264
0 0.714424 0.557416 0.049742 0.107817
0 0.960596 0.667818 0.072447 0.168968