0 0.176973 0.560464 0.109112 0.226262
0 0.788394 0.561794 0.111573 0.223962
0 0.613873 0.555018 0.089401 0.203476
0 0.400120 0.668972 0.142095 0.180992
0 0.255416 0.535659 0.084764 0.222447
0 0.683010 0.555107 0.094939 0.207815
0 0.450314 0.397946 0.067937 0.082139
0 0.578058 0.492215 0.082691 0.177411
0 0.413724 0.520794 0.068310 0.128112
0 0.355534 0.568515 0.080580 0.202403
0 0.378810 0.407391 0.086555 0.098754
0 0.306544 0.516486 0.059876 0.177993
0 0.519187 0.500283 0.061143 0.195270
0 0.734977 0.516366 0.046912 0.173005
0 0.457588 0.615972 0.131622 0.191501
0 0.522254 0.378012 0.071712 0.065850