0 0.147471 0.654310 0.210558 0.249342
0 0.795104 0.630275 0.082875 0.139623
0 0.841385 0.694006 0.113073 0.174426
0 0.399740 0.728215 0.284035 0.102279
0 0.720194 0.695073 0.100769 0.168643
0 0.723005 0.596361 0.068291 0.109079
0 0.082642 0.623179 0.077689 0.108700
0 0.208560 0.647729 0.060758 0.082638
0 0.553793 0.659557 0.271340 0.233963
0 0.664454 0.634103 0.065137 0.122608
0 0.925027 0.701773 0.146821 0.156349
0 0.936964 0.739940 0.122947 0.079221
0 0.755522 0.597868 0.043962 0.098535
0 0.021020 0.675678 0.041550 0.203106
0 0.402180 0.597523 0.334842 0.328412
0 0.235490 0.580520 0.051213 0.110899