0 0.786386 0.663575 0.155534 0.227878
0 0.574614 0.663884 0.089129 0.235728
0 0.945081 0.683684 0.106713 0.191084
0 0.380804 0.668128 0.099349 0.228332
0 0.689137 0.680091 0.081132 0.199594
0 0.035793 0.700870 0.068464 0.161196
0 0.210411 0.693709 0.071127 0.172710
0 0.146988 0.695362 0.117744 0.171922
0 0.486200 0.690186 0.110484 0.183388
0 0.259001 0.682972 0.064005 0.194987
0 0.853735 0.623999 0.069571 0.200467
0 0.844278 0.515879 0.022980 0.035280
0 0.238208 0.583351 0.041794 0.073426
0 0.821864 0.548655 0.048137 0.080681
0 0.464761 0.609420 0.046977 0.115972
0 0.072640 0.688438 0.050422 0.163821
0 0.655465 0.614761 0.044373 0.120565
0 0.135535 0.609176 0.067912 0.099859
0 0.217235 0.604635 0.035475 0.064827
0 0.959721 0.743971 0.077433 0.071014