0 0.046039 0.625392 0.089978 0.179237
0 0.350435 0.649232 0.081662 0.201080
0 0.251193 0.640287 0.077105 0.169036
0 0.471908 0.642942 0.070564 0.230932
0 0.623555 0.643166 0.061256 0.170797
0 0.678514 0.624695 0.057644 0.177984
0 0.733739 0.633289 0.060067 0.185911
0 0.827866 0.611501 0.040975 0.148469
0 0.096141 0.605230 0.045396 0.128483
0 0.193708 0.619600 0.045268 0.119008
0 0.161451 0.615128 0.043232 0.123693
0 0.313616 0.636962 0.050876 0.191049
0 0.516986 0.633502 0.064140 0.187221
0 0.917260 0.602363 0.040091 0.107511
0 0.787292 0.632503 0.047771 0.190269
0 0.562693 0.614859 0.038667 0.164896
0 0.946497 0.596421 0.030302 0.099848