0 0.068330 0.477552 0.127470 0.349907
0 0.413512 0.565357 0.191823 0.273095
0 0.608906 0.526467 0.086327 0.220691
0 0.924999 0.457556 0.105416 0.317391
0 0.145415 0.481696 0.089881 0.322723
0 0.685629 0.532068 0.102702 0.201127
0 0.260559 0.466115 0.080929 0.308348
0 0.780771 0.457537 0.074344 0.297083
0 0.845546 0.448731 0.075053 0.306987
0 0.205244 0.466135 0.075627 0.318522
0 0.495682 0.527968 0.110135 0.248688
0 0.428105 0.378387 0.094635 0.142863
0 0.662005 0.435997 0.074934 0.230132
0 0.336609 0.472781 0.094393 0.295812
0 0.721047 0.454180 0.084550 0.299769
0 0.507017 0.380296 0.077247 0.145671
0 0.608578 0.385361 0.051729 0.154782