0 0.622839 0.599286 0.108444 0.289372
0 0.901673 0.652723 0.111653 0.280963
0 0.087717 0.608886 0.102666 0.318054
0 0.805194 0.639375 0.100612 0.269287
0 0.712073 0.616929 0.091964 0.269576
0 0.321976 0.661802 0.108581 0.188358
0 0.525918 0.658472 0.095591 0.205705
0 0.503047 0.545895 0.083854 0.175996
0 0.430551 0.665341 0.083597 0.182955
0 0.201825 0.581217 0.060862 0.265337
0 0.328414 0.552010 0.080732 0.160772
0 0.254807 0.599263 0.071568 0.248012
0 0.146237 0.586808 0.075963 0.296045
0 0.288989 0.487365 0.054365 0.090982
0 0.411478 0.580386 0.084460 0.260868
0 0.764975 0.609034 0.062066 0.276953