0 0.054721 0.565446 0.108585 0.347550
0 0.110647 0.599862 0.114997 0.285286
0 0.940157 0.591102 0.102758 0.298815
0 0.218455 0.596898 0.115503 0.285366
0 0.401109 0.595229 0.127278 0.296127
0 0.871143 0.604156 0.121384 0.276821
0 0.764439 0.666913 0.145491 0.151425
0 0.696634 0.573713 0.123664 0.254830
0 0.474732 0.668644 0.140646 0.148219
0 0.607732 0.664632 0.166841 0.153927
0 0.775893 0.550100 0.094697 0.205297
0 0.180105 0.475118 0.062072 0.106815
0 0.298968 0.603466 0.085448 0.279295
0 0.509684 0.564056 0.099655 0.203989
0 0.596397 0.544095 0.105043 0.197038
0 0.267440 0.487674 0.040174 0.072936