0 0.321659 0.669827 0.171491 0.264348
0 0.372784 0.486276 0.143301 0.383001
0 0.749811 0.662706 0.137531 0.296159
0 0.620649 0.663056 0.131854 0.299898
0 0.188288 0.485936 0.115604 0.310328
0 0.277599 0.469142 0.105050 0.263990
0 0.195960 0.676821 0.129485 0.247799
0 0.498182 0.479124 0.112036 0.295128
0 0.859165 0.664151 0.128019 0.299369
0 0.487185 0.688868 0.154545 0.275828
0 0.790292 0.473873 0.101611 0.218975
0 0.599218 0.535789 0.125286 0.448738
0 0.709290 0.509050 0.098376 0.293328
0 0.982006 0.488493 0.032863 0.197848
0 0.942328 0.493467 0.056813 0.189356
0 0.064475 0.485530 0.049299 0.090759