0 0.886206 0.671233 0.073955 0.188396
0 0.815442 0.670398 0.069076 0.188990
0 0.732600 0.669750 0.067131 0.185785
0 0.383068 0.677996 0.069120 0.212052
0 0.497049 0.685775 0.079754 0.223226
0 0.670539 0.670664 0.057402 0.185129
0 0.952222 0.665861 0.059164 0.169354
0 0.621628 0.683950 0.055516 0.200319
0 0.102533 0.669758 0.066977 0.193988
0 0.248913 0.668649 0.070818 0.193648
0 0.177713 0.671375 0.059431 0.190816
0 0.441378 0.676372 0.067200 0.211503
0 0.321500 0.668810 0.062862 0.188242
0 0.558704 0.675845 0.061866 0.220502
0 0.009782 0.621840 0.019564 0.062013
0 0.142355 0.667116 0.037789 0.183036
0 0.064752 0.641168 0.029198 0.090900