0 0.703646 0.668613 0.177511 0.325056
0 0.429523 0.673297 0.157341 0.351870
0 0.150197 0.648131 0.194173 0.442899
0 0.865171 0.666250 0.129905 0.319265
0 0.562994 0.662145 0.128600 0.299669
0 0.095730 0.341136 0.081077 0.110686
0 0.340049 0.430516 0.100453 0.248246
0 0.804308 0.376331 0.095797 0.129989
0 0.293810 0.663003 0.192289 0.413391
0 0.145061 0.432220 0.130100 0.190900
0 0.244701 0.432882 0.097862 0.223792
0 0.703486 0.392155 0.095035 0.097134
0 0.426608 0.456877 0.102029 0.247173
0 0.605769 0.292884 0.160193 0.236248
0 0.610064 0.381341 0.096367 0.104806
0 0.732031 0.353837 0.089925 0.155815
0 0.521245 0.455401 0.098618 0.311452
0 0.449819 0.323331 0.120067 0.178239