0 0.487371 0.802377 0.071601 0.144238
0 0.872254 0.802013 0.085641 0.144230
0 0.053805 0.810672 0.067628 0.127629
0 0.595933 0.805065 0.045387 0.139571
0 0.116923 0.805249 0.069762 0.138136
0 0.558775 0.799479 0.046166 0.145704
0 0.686773 0.800166 0.040088 0.151311
0 0.297522 0.815396 0.061710 0.118781
0 0.242041 0.814477 0.042437 0.118057
0 0.973832 0.780545 0.049211 0.123360
0 0.815662 0.793360 0.051780 0.162340
0 0.202782 0.815632 0.047426 0.113624
0 0.741255 0.782684 0.037111 0.116462
0 0.382239 0.807272 0.046018 0.132533
0 0.406539 0.803421 0.039867 0.133134
0 0.160881 0.814261 0.047326 0.119741