0 0.860282 0.627615 0.074501 0.242592
0 0.088427 0.598228 0.078541 0.214432
0 0.818089 0.610939 0.060622 0.236860
0 0.177785 0.651009 0.068983 0.153801
0 0.758348 0.648696 0.063682 0.157748
0 0.621389 0.547543 0.058003 0.150594
0 0.128906 0.604339 0.064097 0.200881
0 0.199506 0.536477 0.062751 0.162223
0 0.695628 0.573643 0.064734 0.114293
0 0.333280 0.597044 0.070140 0.057057
0 0.292445 0.563731 0.047616 0.108366
0 0.254681 0.630112 0.087633 0.157881
0 0.569644 0.552336 0.066081 0.145809
0 0.660332 0.546943 0.042716 0.138460
0 0.332459 0.551736 0.045170 0.107763