0 0.333128 0.696755 0.133183 0.168254
0 0.863849 0.683706 0.110817 0.194692
0 0.122805 0.695156 0.162504 0.170106
0 0.541552 0.728276 0.166774 0.104532
0 0.233423 0.690886 0.093218 0.179693
0 0.751633 0.675886 0.086617 0.199943
0 0.656818 0.681909 0.136037 0.194771
0 0.451105 0.700426 0.061981 0.158606
0 0.595629 0.642790 0.061207 0.088404
0 0.775385 0.745939 0.082217 0.071280
0 0.525029 0.682008 0.118629 0.158573
0 0.943621 0.690131 0.071373 0.175221
0 0.388148 0.681764 0.059819 0.174137
0 0.088714 0.645291 0.038610 0.106425
0 0.012735 0.666278 0.025241 0.163105
0 0.335274 0.628940 0.097459 0.112676