0 0.898716 0.547068 0.199443 0.533875
0 0.735844 0.725749 0.080272 0.184076
0 0.427382 0.723830 0.091359 0.188790
0 0.825008 0.688030 0.048611 0.105677
0 0.018138 0.717321 0.036230 0.144511
0 0.580008 0.693436 0.038958 0.135226
0 0.685534 0.729425 0.048448 0.174029
0 0.083927 0.715067 0.038771 0.114171
0 0.192309 0.730525 0.062793 0.164671
0 0.315395 0.722421 0.039032 0.135117
0 0.762631 0.681854 0.028758 0.085566
0 0.237508 0.708560 0.024328 0.108466
0 0.648135 0.686352 0.046177 0.107231
0 0.479691 0.691670 0.035485 0.117915