0 0.574500 0.669634 0.141012 0.252933
0 0.078467 0.607262 0.124209 0.393567
0 0.360742 0.668416 0.135467 0.255408
0 0.462026 0.647346 0.130070 0.301557
0 0.693679 0.586474 0.094044 0.366348
0 0.842594 0.574722 0.098746 0.361631
0 0.196972 0.576731 0.096247 0.363161
0 0.769339 0.584855 0.102184 0.370152
0 0.271143 0.573664 0.086215 0.340603
0 0.138543 0.574593 0.060390 0.377360
0 0.616516 0.511929 0.096230 0.214799
0 0.325462 0.520015 0.070004 0.213610
0 0.387891 0.499204 0.079930 0.175076
0 0.525234 0.516388 0.097159 0.178103
0 0.541337 0.382309 0.090200 0.145354
0 0.484954 0.394603 0.085214 0.128789
0 0.460501 0.472859 0.090030 0.152381
0 0.650337 0.432584 0.058588 0.075884