0 0.963428 0.461630 0.059036 0.139451
0 0.040809 0.652599 0.065130 0.166449
0 0.785259 0.755114 0.062361 0.087150
0 0.461937 0.666403 0.061196 0.189629
0 0.628156 0.724842 0.085608 0.147163
0 0.110607 0.661524 0.060074 0.156080
0 0.352338 0.725662 0.058926 0.144932
0 0.807762 0.563417 0.060951 0.153704
0 0.166193 0.638850 0.054127 0.186306
0 0.193565 0.501287 0.051886 0.142260
0 0.687774 0.550379 0.045918 0.146268
0 0.366302 0.470420 0.053055 0.149285
0 0.290424 0.449979 0.043229 0.119702
0 0.827685 0.477313 0.044735 0.094088
0 0.253149 0.461368 0.053681 0.155149
0 0.587877 0.481671 0.047797 0.114411
0 0.570129 0.646380 0.074708 0.142747
0 0.613868 0.569418 0.071460 0.142749
0 0.013674 0.473062 0.027254 0.141448
0 0.227264 0.572902 0.062628 0.169328
0 0.141850 0.508376 0.045890 0.125350
0 0.733384 0.522705 0.046001 0.135018
0 0.093910 0.449451 0.059228 0.140978
0 0.495058 0.553195 0.056025 0.156465