0 0.583812 0.820803 0.029264 0.085691
0 0.851843 0.816138 0.053691 0.108898
0 0.328656 0.806453 0.025708 0.068498
0 0.447967 0.803848 0.022011 0.069489
0 0.745622 0.810654 0.034800 0.094973
0 0.934475 0.808447 0.032832 0.104918
0 0.387579 0.814049 0.030640 0.085890
0 0.898456 0.809587 0.042949 0.103907
0 0.792177 0.815649 0.033602 0.082465
0 0.563488 0.793720 0.020635 0.052841
0 0.308566 0.807781 0.018823 0.061060
0 0.709547 0.821170 0.043799 0.090227
0 0.502745 0.796646 0.022437 0.073643
0 0.813433 0.810421 0.032215 0.091380
0 0.480613 0.799494 0.026081 0.071847