0 0.687031 0.612348 0.069473 0.155021
0 0.384445 0.604089 0.048488 0.145403
0 0.434429 0.602314 0.052776 0.134510
0 0.232462 0.605689 0.068384 0.151049
0 0.336498 0.599107 0.054824 0.146541
0 0.634466 0.604579 0.050877 0.143549
0 0.731910 0.606507 0.059126 0.152169
0 0.060051 0.550602 0.066130 0.127985
0 0.485616 0.599001 0.053399 0.134271
0 0.773995 0.594897 0.047072 0.167076
0 0.537339 0.596536 0.056191 0.141884
0 0.917539 0.569180 0.052848 0.139977
0 0.587286 0.602281 0.053860 0.141682
0 0.287935 0.597304 0.048775 0.138356