0 0.979175 0.567669 0.034887 0.083338
0 0.042755 0.556858 0.038328 0.097474
0 0.359441 0.579694 0.032506 0.099199
0 0.564434 0.550530 0.019697 0.066605
0 0.236559 0.548610 0.025542 0.070178
0 0.276795 0.569389 0.024901 0.065317
0 0.089418 0.558011 0.036511 0.096339
0 0.799536 0.549786 0.015515 0.050513
0 0.185927 0.547335 0.027090 0.085630
0 0.820328 0.552500 0.016276 0.051817
0 0.286938 0.550667 0.032497 0.097131
0 0.878616 0.541408 0.015369 0.040489
0 0.763008 0.544165 0.013819 0.037060
0 0.112255 0.548853 0.024560 0.074632
0 0.148931 0.547776 0.032725 0.092417
0 0.255198 0.534216 0.015814 0.042463