0 0.631759 0.685038 0.063906 0.151344
0 0.775330 0.654438 0.055772 0.106989
0 0.729982 0.659943 0.039365 0.100568
0 0.894751 0.684642 0.051705 0.123339
0 0.335860 0.681738 0.051388 0.121757
0 0.285345 0.674503 0.041210 0.137884
0 0.221940 0.664017 0.042809 0.145790
0 0.501452 0.693373 0.050776 0.108309
0 0.373226 0.675126 0.032830 0.147824
0 0.578885 0.691090 0.052156 0.110625
0 0.251450 0.674093 0.037230 0.125658
0 0.452499 0.681203 0.053730 0.131335
0 0.670265 0.685720 0.036485 0.133743
0 0.066901 0.663489 0.048530 0.126810
0 0.965545 0.665816 0.047307 0.090912
0 0.160493 0.663066 0.039511 0.141651
0 0.847111 0.636567 0.041101 0.061507
0 0.418492 0.668703 0.037481 0.145251
0 0.962300 0.745840 0.059734 0.094601