0 0.133688 0.654390 0.266661 0.350738
0 0.403817 0.647843 0.148310 0.367651
0 0.535546 0.479665 0.135190 0.260198
0 0.920658 0.321368 0.101032 0.249263
0 0.495195 0.566610 0.130471 0.255448
0 0.561042 0.719782 0.213169 0.222399
0 0.339869 0.415795 0.161810 0.121156
0 0.322705 0.627954 0.112099 0.354028
0 0.429123 0.416482 0.098938 0.179173
0 0.944603 0.436178 0.107669 0.171186
0 0.056952 0.490266 0.103015 0.225148
0 0.256241 0.408147 0.068878 0.103767
0 0.034987 0.395603 0.069795 0.164100
0 0.232565 0.483178 0.121115 0.177008
0 0.973305 0.436473 0.050266 0.170224