0 0.773623 0.769411 0.064927 0.128484
0 0.841253 0.777555 0.072641 0.114049
0 0.246925 0.769781 0.052067 0.126714
0 0.294787 0.762148 0.069267 0.142077
0 0.088519 0.783742 0.111386 0.097768
0 0.615134 0.764168 0.032706 0.087885
0 0.584928 0.754203 0.024432 0.075609
0 0.477006 0.746935 0.027286 0.079320
0 0.555638 0.753368 0.025637 0.076854
0 0.187761 0.775393 0.072753 0.113107
0 0.334352 0.770881 0.036867 0.111914
0 0.531308 0.751392 0.025010 0.081127
0 0.771590 0.550024 0.135282 0.190804
0 0.642697 0.758936 0.027750 0.082630
0 0.507368 0.738640 0.018492 0.063604
0 0.364179 0.750886 0.030715 0.095674
0 0.671867 0.763948 0.030779 0.090100
0 0.447894 0.733682 0.020839 0.055041