0 0.898057 0.629414 0.168155 0.477336
0 0.419786 0.633051 0.152146 0.472746
0 0.158966 0.625923 0.180375 0.265188
0 0.201182 0.470962 0.084502 0.141243
0 0.123769 0.466543 0.081827 0.156958
0 0.715549 0.481872 0.049855 0.180575
0 0.792863 0.497923 0.071304 0.230559
0 0.300047 0.622155 0.116756 0.242287
0 0.444777 0.432661 0.052783 0.093061
0 0.313608 0.458361 0.055612 0.120089
0 0.266864 0.497785 0.065899 0.081632
0 0.761457 0.470506 0.057755 0.164907
0 0.836641 0.470857 0.054301 0.190569
0 0.035616 0.570890 0.071233 0.137635
0 0.501831 0.504033 0.043456 0.066883
0 0.547849 0.468026 0.056013 0.052636
0 0.596655 0.419022 0.033422 0.054482
0 0.583920 0.518350 0.101039 0.160120
0 0.538747 0.496957 0.047074 0.060984