0 0.131733 0.565757 0.260125 0.524413
0 0.867691 0.552029 0.238152 0.549289
0 0.563984 0.556483 0.245829 0.540691
0 0.340344 0.572641 0.219933 0.506777
0 0.040168 0.552344 0.079724 0.543798
0 0.762480 0.572822 0.121952 0.506345
0 0.948812 0.544715 0.099252 0.557327
0 0.459470 0.387400 0.117872 0.271059
0 0.658882 0.563798 0.147943 0.532004
0 0.266993 0.327581 0.088403 0.175902
0 0.040012 0.414388 0.079725 0.268913
0 0.228059 0.367311 0.107111 0.190355
0 0.846972 0.288453 0.138715 0.179404
0 0.093278 0.333666 0.073109 0.179389
0 0.165747 0.257775 0.076683 0.116583