0 0.945840 0.703566 0.105194 0.231729
0 0.916748 0.667742 0.063205 0.181006
0 0.366593 0.661493 0.046590 0.140811
0 0.228101 0.635276 0.035015 0.080353
0 0.185590 0.632915 0.029802 0.086959
0 0.521568 0.670549 0.039051 0.139880
0 0.443647 0.660988 0.043044 0.130832
0 0.400229 0.665712 0.033505 0.129122
0 0.064276 0.627104 0.023842 0.066093
0 0.332660 0.639416 0.033605 0.098899
0 0.645130 0.651883 0.035863 0.133236
0 0.122701 0.633268 0.020754 0.069858
0 0.154995 0.628681 0.022229 0.064963
0 0.466558 0.660306 0.025543 0.120940
0 0.611133 0.657546 0.038551 0.141725
0 0.556141 0.665582 0.043316 0.129421
0 0.669666 0.647618 0.036015 0.133812
0 0.582506 0.660521 0.036296 0.140586