0 0.729567 0.658331 0.104681 0.282796
0 0.966710 0.613842 0.062338 0.172914
0 0.064131 0.664728 0.127156 0.272561
0 0.309006 0.624599 0.075784 0.208593
0 0.444866 0.666965 0.102214 0.263258
0 0.493491 0.624791 0.067205 0.242915
0 0.028874 0.625975 0.057497 0.219261
0 0.834841 0.592417 0.041171 0.128537
0 0.546668 0.614003 0.057176 0.162352
0 0.797977 0.596952 0.047511 0.134428
0 0.390660 0.662515 0.079964 0.266557
0 0.663271 0.624888 0.050602 0.147216
0 0.214419 0.581178 0.050087 0.106333
0 0.367876 0.575188 0.037037 0.121640
0 0.631329 0.620295 0.044806 0.147633
0 0.930814 0.574016 0.019119 0.062206