0 0.651016 0.575667 0.176678 0.374601
0 0.154704 0.603865 0.138602 0.393696
0 0.432586 0.464550 0.071301 0.212409
0 0.344986 0.573412 0.092981 0.309724
0 0.500278 0.512081 0.078012 0.232617
0 0.914908 0.569846 0.089065 0.290336
0 0.216125 0.538459 0.090804 0.322071
0 0.584382 0.489796 0.079089 0.209193
0 0.810518 0.511977 0.080284 0.215992
0 0.743048 0.538472 0.065998 0.254315
0 0.861177 0.494521 0.055525 0.176261
0 0.286883 0.488238 0.044588 0.202064
0 0.055172 0.447170 0.059501 0.155305
0 0.674560 0.406750 0.039880 0.070551
0 0.101152 0.470708 0.068258 0.234878