0 0.487554 0.669217 0.167431 0.363060
0 0.278341 0.634406 0.159734 0.352994
0 0.111672 0.578858 0.115671 0.376154
0 0.841668 0.616327 0.138589 0.470971
0 0.595230 0.676713 0.151953 0.337517
0 0.203961 0.555638 0.115499 0.391736
0 0.383092 0.656409 0.111335 0.313536
0 0.614672 0.769537 0.151650 0.208219
0 0.592412 0.473738 0.131039 0.197316
0 0.751158 0.721429 0.149469 0.291441
0 0.697480 0.493344 0.092566 0.199897
0 0.741521 0.792457 0.119959 0.162395
0 0.397013 0.468974 0.095240 0.162933
0 0.489341 0.469709 0.096949 0.167525
0 0.732221 0.585832 0.097616 0.167012
0 0.760566 0.396671 0.070943 0.125767
0 0.305122 0.466674 0.099373 0.149662