0 0.667464 0.615531 0.111224 0.237827
0 0.219744 0.658981 0.104426 0.282007
0 0.065541 0.621535 0.084673 0.219221
0 0.804925 0.592257 0.042557 0.126371
0 0.422243 0.651245 0.107780 0.254834
0 0.840551 0.577406 0.037798 0.109296
0 0.572878 0.617367 0.050056 0.186289
0 0.271981 0.605041 0.055759 0.191023
0 0.477333 0.608486 0.059662 0.177872
0 0.913168 0.570508 0.028682 0.090134
0 0.888068 0.565589 0.030305 0.081373
0 0.543575 0.593153 0.042548 0.163668
0 0.174654 0.600955 0.053909 0.162525
0 0.722774 0.617521 0.058671 0.157662
0 0.611694 0.602889 0.047240 0.171404
0 0.367187 0.642236 0.063966 0.226476
0 0.304897 0.572918 0.033915 0.125262
0 0.509105 0.591495 0.037247 0.144538
0 0.934505 0.567954 0.024858 0.080912
0 0.012061 0.595892 0.024022 0.193109