0 0.109314 0.686757 0.075346 0.227595
0 0.364350 0.665117 0.105044 0.223670
0 0.286770 0.624006 0.063251 0.167044
0 0.572510 0.676524 0.081429 0.175295
0 0.459568 0.614588 0.055170 0.164479
0 0.148328 0.628541 0.042459 0.158320
0 0.648442 0.600784 0.056365 0.169366
0 0.601904 0.607640 0.056156 0.155869
0 0.829760 0.582342 0.048101 0.138240
0 0.752707 0.586393 0.036253 0.169998
0 0.930808 0.393556 0.051444 0.156829
0 0.522304 0.610685 0.054615 0.175688
0 0.794268 0.633204 0.064898 0.097373
0 0.781143 0.577266 0.045586 0.131657