0 0.686125 0.499823 0.114280 0.177916
0 0.914417 0.634964 0.168041 0.261621
0 0.306593 0.684668 0.155377 0.174463
0 0.366448 0.588974 0.304497 0.228551
0 0.774646 0.578959 0.188383 0.155913
0 0.628501 0.414510 0.080931 0.199960
0 0.861152 0.445124 0.093097 0.117154
0 0.335975 0.463225 0.059880 0.104879
0 0.790557 0.461413 0.089122 0.128016
0 0.421026 0.391867 0.087868 0.088968
0 0.589202 0.734511 0.176492 0.076686
0 0.456300 0.445393 0.084546 0.107233
0 0.016453 0.517295 0.032502 0.185866
0 0.896650 0.350897 0.046494 0.134173
0 0.215542 0.408061 0.064364 0.098895
0 0.054798 0.433905 0.100323 0.205337
0 0.279700 0.408109 0.084176 0.088130
0 0.269912 0.385197 0.068386 0.083763