0 0.805061 0.517003 0.073044 0.211949
0 0.733422 0.541438 0.058572 0.184631
0 0.293987 0.530308 0.065413 0.210197
0 0.672970 0.514103 0.062742 0.223545
0 0.946983 0.502178 0.063166 0.219503
0 0.162527 0.510514 0.071723 0.227688
0 0.054021 0.516449 0.069477 0.223996
0 0.871884 0.532238 0.057677 0.187377
0 0.183994 0.567902 0.049633 0.139675
0 0.626904 0.524734 0.046122 0.216278
0 0.234641 0.545841 0.056602 0.174424
0 0.907842 0.509144 0.051316 0.209946
0 0.347005 0.519178 0.051123 0.218943
0 0.591667 0.521135 0.040612 0.216194
0 0.405068 0.422626 0.068459 0.068028
0 0.108703 0.560999 0.047868 0.141330