0 0.280610 0.699505 0.260881 0.256112
0 0.613605 0.700354 0.217546 0.245252
0 0.066952 0.749020 0.133194 0.162030
0 0.858762 0.705002 0.279350 0.251584
0 0.079243 0.655113 0.158486 0.201765
0 0.734706 0.582039 0.082960 0.116070
0 0.270797 0.550886 0.132767 0.243160
0 0.471119 0.682719 0.131531 0.248886
0 0.371576 0.669264 0.100878 0.228145
0 0.504246 0.782037 0.167478 0.098897
0 0.918150 0.730752 0.160575 0.196716
0 0.401052 0.615297 0.057884 0.121974
0 0.824118 0.634141 0.135544 0.193405
0 0.657008 0.611016 0.100732 0.151395