0 0.940955 0.556845 0.114965 0.320431
0 0.104726 0.588203 0.117378 0.195778
0 0.859923 0.539906 0.105011 0.305214
0 0.774642 0.549110 0.096449 0.262626
0 0.123542 0.475985 0.092816 0.158699
0 0.183824 0.572871 0.080075 0.171908
0 0.728838 0.526990 0.072626 0.246517
0 0.217635 0.478745 0.089734 0.137608
0 0.668872 0.530460 0.077719 0.232464
0 0.560359 0.506408 0.065007 0.227969
0 0.437806 0.472179 0.058943 0.146833
0 0.250261 0.577504 0.060389 0.123125
0 0.467164 0.579095 0.057767 0.130179
0 0.526940 0.575200 0.076981 0.155893
0 0.944140 0.384392 0.074143 0.104880