0 0.196614 0.638974 0.313833 0.283488
0 0.820442 0.491251 0.254048 0.374423
0 0.263831 0.490323 0.256779 0.361901
0 0.649462 0.448824 0.189342 0.539656
0 0.912789 0.758676 0.171296 0.216117
0 0.339468 0.435070 0.210077 0.279800
0 0.437415 0.374577 0.160365 0.183110
0 0.313108 0.267495 0.047150 0.086421
0 0.097313 0.817294 0.193582 0.105138
0 0.754399 0.458066 0.172020 0.302058
0 0.554043 0.357025 0.064985 0.310989
0 0.814346 0.343957 0.054225 0.089427
0 0.748390 0.328590 0.055178 0.094267
0 0.946371 0.819089 0.104134 0.101092