0 0.082627 0.601577 0.111780 0.332151
0 0.181674 0.569667 0.119705 0.350871
0 0.929279 0.578358 0.087736 0.299027
0 0.778712 0.560490 0.089580 0.303407
0 0.854957 0.581620 0.078687 0.276246
0 0.318789 0.572509 0.095662 0.320583
0 0.386802 0.578648 0.073957 0.296044
0 0.636859 0.563334 0.088570 0.312170
0 0.518970 0.565228 0.076207 0.297900
0 0.266630 0.585763 0.071054 0.286395
0 0.712110 0.556299 0.072617 0.305932
0 0.570584 0.559123 0.062565 0.284609
0 0.455411 0.581685 0.070738 0.308454
0 0.119733 0.444826 0.051251 0.101176
0 0.874921 0.442463 0.064874 0.111483
0 0.218850 0.553142 0.058284 0.313931
0 0.288257 0.425825 0.037884 0.070456