0 0.876071 0.648609 0.158222 0.361437
0 0.043559 0.517144 0.086840 0.143151
0 0.735078 0.528660 0.103672 0.156769
0 0.699857 0.712143 0.172649 0.238417
0 0.588601 0.657218 0.186804 0.346089
0 0.420869 0.739367 0.175969 0.185846
0 0.237622 0.563349 0.112927 0.182767
0 0.353966 0.585911 0.080483 0.242064
0 0.437896 0.653913 0.123278 0.223943
0 0.156139 0.540157 0.090752 0.129579
0 0.173268 0.458332 0.059312 0.092916
0 0.125393 0.698423 0.156224 0.263475
0 0.085290 0.479924 0.079840 0.166504
0 0.972978 0.686436 0.050919 0.277333