0 0.444506 0.441569 0.223293 0.497715
0 0.273900 0.333234 0.059122 0.169255
0 0.173611 0.639437 0.096318 0.718000
0 0.856492 0.327471 0.036729 0.147110
0 0.538320 0.335798 0.050285 0.139269
0 0.665049 0.320832 0.028554 0.076894
0 0.721444 0.323328 0.035534 0.083776
0 0.561715 0.325543 0.045502 0.127825
0 0.776540 0.321936 0.024012 0.072788
0 0.232239 0.316738 0.025521 0.068190
0 0.346674 0.320930 0.027182 0.094740
0 0.693546 0.322286 0.026467 0.079906
0 0.311985 0.318219 0.020426 0.059377
0 0.206757 0.317685 0.020241 0.060675