0 0.912028 0.626464 0.172819 0.270531
0 0.433100 0.617208 0.113069 0.298246
0 0.537426 0.629426 0.104257 0.288793
0 0.069864 0.635765 0.099949 0.270866
0 0.804375 0.619099 0.130052 0.257493
0 0.631636 0.618323 0.109400 0.286369
0 0.778230 0.466453 0.098847 0.157772
0 0.238494 0.639736 0.113119 0.272713
0 0.334802 0.627413 0.092639 0.259704
0 0.734140 0.626159 0.130211 0.266592
0 0.157405 0.641366 0.095138 0.264630
0 0.680695 0.475405 0.093263 0.146160
0 0.204826 0.489650 0.112912 0.150682
0 0.131821 0.482531 0.093855 0.161540
0 0.291973 0.480862 0.082269 0.162544
0 0.524214 0.481397 0.096350 0.142270
0 0.360465 0.498185 0.073918 0.135531
0 0.593240 0.472765 0.071586 0.145557
0 0.437253 0.473528 0.083948 0.128045