0 0.266507 0.676804 0.120967 0.350675
0 0.805287 0.665324 0.111786 0.366155
0 0.061959 0.653562 0.083571 0.226769
0 0.433108 0.703767 0.140662 0.317026
0 0.689831 0.665144 0.095502 0.329442
0 0.103705 0.646103 0.066490 0.224558
0 0.532657 0.686407 0.097141 0.319924
0 0.613319 0.686844 0.081384 0.306214
0 0.370489 0.679429 0.098156 0.330395
0 0.434286 0.536716 0.058535 0.110569
0 0.010109 0.630537 0.020158 0.093293
0 0.327655 0.667344 0.087224 0.315370
0 0.520783 0.527886 0.055092 0.115704
0 0.616255 0.543931 0.074502 0.083047
0 0.912986 0.625998 0.018124 0.049132
0 0.989134 0.633185 0.018608 0.059093