0 0.364310 0.620063 0.066041 0.162054
0 0.915993 0.636585 0.088695 0.192526
0 0.298248 0.570130 0.037402 0.082959
0 0.791316 0.615424 0.047129 0.145955
0 0.684213 0.619597 0.039669 0.134078
0 0.067505 0.588457 0.041976 0.096482
0 0.453115 0.608450 0.049797 0.139766
0 0.501677 0.590913 0.035778 0.107736
0 0.096321 0.580808 0.035629 0.102826
0 0.132661 0.572982 0.028385 0.078304
0 0.263544 0.569913 0.025847 0.061440
0 0.172344 0.564967 0.020098 0.056126
0 0.726132 0.607296 0.039871 0.116463
0 0.968476 0.635138 0.059924 0.158847
0 0.646455 0.573770 0.035309 0.073071