0 0.868353 0.605401 0.221448 0.385284
0 0.147042 0.605891 0.259486 0.395659
0 0.299931 0.617158 0.203750 0.343254
0 0.605544 0.592451 0.168898 0.359509
0 0.172010 0.391095 0.148870 0.223423
0 0.452433 0.630371 0.148884 0.334806
0 0.732944 0.612816 0.131117 0.356885
0 0.580479 0.398899 0.186274 0.372959
0 0.953202 0.480703 0.090470 0.312945
0 0.451537 0.404923 0.124534 0.282150
0 0.311294 0.407044 0.160322 0.254275
0 0.974360 0.311473 0.048155 0.122156
0 0.830507 0.423764 0.204704 0.193847
0 0.872847 0.341667 0.039408 0.106974
0 0.358354 0.387614 0.076804 0.301931
0 0.704798 0.410638 0.076577 0.199993