0 0.947848 0.482348 0.056220 0.178631
0 0.921595 0.591407 0.089160 0.174874
0 0.091916 0.605635 0.081643 0.150705
0 0.854642 0.480421 0.068162 0.166426
0 0.685212 0.555368 0.100746 0.154204
0 0.168657 0.599605 0.075588 0.137898
0 0.250032 0.594073 0.081391 0.146773
0 0.898598 0.477321 0.056381 0.170252
0 0.723934 0.498515 0.066341 0.228055
0 0.583686 0.457083 0.068302 0.146577
0 0.787988 0.464962 0.073420 0.139568
0 0.043695 0.471001 0.044093 0.211046
0 0.588462 0.600224 0.090765 0.146214
0 0.645936 0.496648 0.062473 0.198465
0 0.275838 0.446428 0.060118 0.117791
0 0.411848 0.584525 0.076758 0.130563
0 0.194408 0.471199 0.057116 0.148802