0 0.166915 0.663667 0.082742 0.186124
0 0.709953 0.659509 0.044239 0.130418
0 0.030497 0.661907 0.060668 0.174995
0 0.888301 0.691169 0.045346 0.168667
0 0.457505 0.634424 0.036585 0.077525
0 0.786652 0.672840 0.056136 0.131509
0 0.232057 0.692808 0.050249 0.177232
0 0.094421 0.684305 0.081346 0.130808
0 0.376305 0.615126 0.022196 0.058818
0 0.406391 0.624242 0.028197 0.067654
0 0.277774 0.652491 0.036905 0.122703
0 0.756166 0.656417 0.036607 0.110925
0 0.988253 0.661738 0.020368 0.122042
0 0.958209 0.658802 0.042961 0.132549