0 0.118023 0.554035 0.235450 0.444585
0 0.226791 0.538688 0.203104 0.476847
0 0.748236 0.571399 0.175343 0.409674
0 0.886245 0.562697 0.163670 0.426873
0 0.373750 0.558122 0.170520 0.439298
0 0.628679 0.537891 0.157132 0.472653
0 0.825369 0.367372 0.091642 0.186022
0 0.517536 0.539278 0.148514 0.477473
0 0.633124 0.309545 0.156858 0.179120
0 0.961231 0.530762 0.074412 0.485601
0 0.077561 0.367642 0.142824 0.200801
0 0.340660 0.339815 0.154092 0.171605
0 0.421946 0.515868 0.115583 0.507004
0 0.178452 0.339395 0.081959 0.131198
0 0.903720 0.313828 0.089428 0.099436
0 0.718250 0.388021 0.086424 0.149865