0 0.770057 0.746613 0.123669 0.252699
0 0.882675 0.729214 0.119820 0.289055
0 0.191219 0.734891 0.064471 0.210308
0 0.327998 0.660847 0.057072 0.162202
0 0.258968 0.718431 0.078534 0.243051
0 0.979396 0.756315 0.038083 0.231882
0 0.457740 0.648817 0.046393 0.127757
0 0.527214 0.645050 0.035840 0.102613
0 0.407024 0.644396 0.034752 0.121327
0 0.671069 0.657042 0.039345 0.124321
0 0.375876 0.646677 0.036575 0.133988
0 0.494419 0.639942 0.036395 0.108111
0 0.704660 0.651443 0.048922 0.136245
0 0.640625 0.629258 0.026176 0.081866
0 0.547562 0.631346 0.022142 0.078792
0 0.838107 0.639526 0.029331 0.055849