0 0.313615 0.605022 0.087630 0.278384
0 0.461334 0.615668 0.089857 0.257657
0 0.568676 0.613161 0.082301 0.239679
0 0.638928 0.590403 0.077249 0.223419
0 0.108685 0.539522 0.040066 0.079078
0 0.795809 0.593589 0.062574 0.197700
0 0.143871 0.538232 0.034446 0.081013
0 0.182818 0.528347 0.025220 0.065532
0 0.222250 0.534188 0.022790 0.055846
0 0.883693 0.579879 0.046937 0.102812
0 0.706305 0.553941 0.034046 0.118605
0 0.405575 0.581810 0.064567 0.172307
0 0.750847 0.560823 0.035924 0.122378
0 0.239888 0.530297 0.020925 0.063914