0 0.281300 0.662867 0.278228 0.294168
0 0.696678 0.627659 0.176101 0.304743
0 0.909127 0.715116 0.178621 0.188792
0 0.935114 0.545028 0.126646 0.181624
0 0.361163 0.494983 0.077790 0.105142
0 0.289535 0.534408 0.088442 0.127807
0 0.576731 0.461675 0.054587 0.059788
0 0.907070 0.522715 0.105034 0.154285
0 0.665033 0.528443 0.081964 0.134361
0 0.256801 0.571634 0.089544 0.149451
0 0.840595 0.508082 0.095859 0.139614
0 0.646948 0.501170 0.053397 0.097745
0 0.795475 0.492786 0.081517 0.111400
0 0.078189 0.535774 0.121959 0.161339
0 0.297678 0.451217 0.032579 0.045141
0 0.631340 0.495605 0.038120 0.095009
0 0.426438 0.463543 0.046484 0.052085
0 0.182597 0.480754 0.062316 0.079306
0 0.610193 0.478593 0.060893 0.086756