0 0.674929 0.744281 0.059224 0.123428
0 0.293281 0.738080 0.066893 0.134714
0 0.491521 0.745248 0.070781 0.140494
0 0.053177 0.735052 0.055635 0.142444
0 0.887922 0.735581 0.051440 0.141487
0 0.797609 0.738593 0.052383 0.146899
0 0.412342 0.742175 0.048058 0.148559
0 0.959976 0.756680 0.047129 0.135511
0 0.606953 0.739911 0.059877 0.132643
0 0.194939 0.384891 0.387304 0.435037
0 0.217173 0.734221 0.039486 0.086424
0 0.020242 0.734834 0.040114 0.121119
0 0.918759 0.743611 0.051815 0.137102
0 0.574370 0.398878 0.260761 0.462863
0 0.628020 0.735946 0.046623 0.136180
0 0.819573 0.731327 0.033831 0.135110
0 0.982387 0.747474 0.032101 0.145264
0 0.175478 0.750760 0.067355 0.124109