0 0.944141 0.548791 0.085996 0.239688
0 0.045067 0.546719 0.063486 0.239486
0 0.227580 0.549251 0.074978 0.236193
0 0.866616 0.539377 0.077123 0.249462
0 0.097321 0.544015 0.060954 0.231820
0 0.150748 0.542957 0.068413 0.243227
0 0.292023 0.549847 0.078342 0.239321
0 0.728930 0.586522 0.088035 0.165609
0 0.814327 0.577625 0.098134 0.182440
0 0.497427 0.596987 0.073837 0.143081
0 0.363300 0.540440 0.056827 0.236672
0 0.189586 0.544628 0.042399 0.229678
0 0.615334 0.588353 0.079800 0.156901
0 0.406291 0.544144 0.056687 0.221800