0 0.247003 0.687165 0.107079 0.285475
0 0.590710 0.663693 0.058154 0.172569
0 0.678084 0.676219 0.053481 0.155045
0 0.640238 0.663542 0.047696 0.174619
0 0.318047 0.631043 0.032047 0.093048
0 0.391573 0.629328 0.038057 0.112344
0 0.431710 0.630174 0.032068 0.102726
0 0.542553 0.630492 0.029651 0.085672
0 0.736807 0.635494 0.026034 0.087578
0 0.512454 0.630908 0.028222 0.088271
0 0.457685 0.632308 0.026329 0.099109
0 0.355180 0.622355 0.022636 0.064399
0 0.490282 0.623474 0.024238 0.066563
0 0.212967 0.619423 0.048686 0.134845
0 0.178796 0.695835 0.058567 0.189145