0 0.930618 0.752262 0.135639 0.160508
0 0.743906 0.746272 0.106344 0.171666
0 0.642559 0.740831 0.054649 0.163231
0 0.822469 0.727695 0.069821 0.158217
0 0.348669 0.735436 0.061404 0.188658
0 0.061411 0.735893 0.067816 0.168090
0 0.127664 0.738634 0.061546 0.160369
0 0.304057 0.740589 0.056764 0.182286
0 0.907335 0.690576 0.058289 0.094339
0 0.185180 0.734281 0.039767 0.146978
0 0.856014 0.721753 0.042328 0.153808
0 0.681983 0.736579 0.049397 0.177081
0 0.427215 0.701361 0.033004 0.101604
0 0.504728 0.707373 0.036727 0.113968