0 0.902662 0.624552 0.108049 0.317817
0 0.113244 0.607982 0.143932 0.337523
0 0.804631 0.551465 0.100388 0.156306
0 0.816419 0.681630 0.100311 0.229879
0 0.127938 0.678819 0.094457 0.198850
0 0.733433 0.559229 0.065671 0.137839
0 0.497493 0.658180 0.091738 0.226525
0 0.414718 0.682102 0.087452 0.188729
0 0.733775 0.679198 0.089323 0.205770
0 0.665613 0.679438 0.105583 0.198860
0 0.580954 0.679760 0.095688 0.200963
0 0.276008 0.578848 0.064059 0.181077
0 0.598094 0.550694 0.074836 0.166341
0 0.203191 0.670272 0.114931 0.205257
0 0.310373 0.685333 0.121140 0.185344
0 0.211143 0.555783 0.082764 0.132716
0 0.665091 0.560841 0.060285 0.128948