0 0.085190 0.728324 0.158389 0.352207
0 0.593730 0.626941 0.057108 0.125500
0 0.789804 0.668251 0.079169 0.205023
0 0.178882 0.716720 0.093721 0.308550
0 0.946340 0.632003 0.053140 0.158444
0 0.703068 0.643994 0.049808 0.156952
0 0.359902 0.620536 0.035017 0.115063
0 0.230472 0.629532 0.039405 0.116925
0 0.646886 0.623727 0.046993 0.143592
0 0.870282 0.647465 0.051120 0.143242
0 0.299337 0.619426 0.042627 0.110747
0 0.742728 0.620877 0.037587 0.133141
0 0.459748 0.599708 0.021367 0.062441
0 0.902459 0.618915 0.039782 0.135916