0 0.376832 0.725557 0.061233 0.193994
0 0.972288 0.676082 0.052298 0.146825
0 0.751595 0.716980 0.068610 0.200431
0 0.474875 0.706831 0.062580 0.214671
0 0.018320 0.725235 0.036470 0.203632
0 0.309059 0.704833 0.059525 0.190973
0 0.628419 0.711501 0.059919 0.204406
0 0.595630 0.725192 0.061983 0.195990
0 0.851461 0.688760 0.087737 0.167324
0 0.196907 0.726581 0.139634 0.226193
0 0.099187 0.657452 0.050073 0.127733
0 0.143254 0.659744 0.057631 0.120918
0 0.051444 0.711631 0.049702 0.161752
0 0.270132 0.698755 0.055663 0.184868
0 0.066638 0.635256 0.035414 0.089779