0 0.101318 0.503209 0.202021 0.541866
0 0.289707 0.541698 0.149492 0.467746
0 0.430772 0.547051 0.151890 0.457422
0 0.609510 0.537638 0.144020 0.478831
0 0.893611 0.525189 0.209654 0.501568
0 0.715876 0.547950 0.140045 0.456094
0 0.224387 0.541209 0.095011 0.463857
0 0.801493 0.544968 0.098608 0.462490
0 0.328897 0.354382 0.050101 0.100066
0 0.511226 0.536283 0.107575 0.475064
0 0.811282 0.332824 0.121716 0.166192
0 0.367975 0.384644 0.055449 0.104903
0 0.472824 0.348264 0.051937 0.122015
0 0.659163 0.332321 0.076380 0.133676
0 0.507956 0.357174 0.109290 0.114835