0 0.407540 0.585307 0.290209 0.358147
0 0.183029 0.575209 0.190607 0.270688
0 0.668402 0.615524 0.235036 0.369124
0 0.950417 0.629052 0.096041 0.352743
0 0.906235 0.702128 0.184405 0.215566
0 0.050171 0.601056 0.099909 0.206205
0 0.228716 0.730840 0.178300 0.160975
0 0.824434 0.521152 0.187595 0.270104
0 0.058995 0.489715 0.117989 0.190427
0 0.805414 0.763445 0.194723 0.098074
0 0.509908 0.429921 0.119307 0.225357
0 0.565783 0.507283 0.149795 0.246518
0 0.236379 0.487628 0.122903 0.214397
0 0.911496 0.420371 0.132568 0.198427
0 0.167136 0.429042 0.100420 0.222950
0 0.341761 0.324888 0.115621 0.113063
0 0.780365 0.332614 0.108002 0.136955