0 0.515228 0.664615 0.370354 0.329079
0 0.173071 0.625921 0.345687 0.402567
0 0.744290 0.499065 0.375502 0.653789
0 0.050674 0.528206 0.100640 0.223181
0 0.497363 0.493267 0.226592 0.330199
0 0.264026 0.570898 0.327524 0.535958
0 0.711922 0.338489 0.065839 0.100422
0 0.770848 0.286637 0.050745 0.160201
0 0.865418 0.538162 0.097487 0.182886
0 0.959869 0.325789 0.053087 0.148132
0 0.272426 0.309431 0.070624 0.121828
0 0.574568 0.277323 0.060733 0.170014
0 0.463972 0.254448 0.098854 0.171911
0 0.635276 0.260711 0.067021 0.121755
0 0.818748 0.521335 0.055126 0.149912
0 0.813894 0.297470 0.052337 0.171466