0 0.871609 0.626783 0.237528 0.402225
0 0.242123 0.602672 0.262219 0.449107
0 0.678193 0.646769 0.196452 0.361909
0 0.501333 0.548660 0.113898 0.362364
0 0.398711 0.467924 0.099332 0.359922
0 0.163117 0.471672 0.122639 0.235620
0 0.814352 0.353876 0.105360 0.246465
0 0.619767 0.425796 0.098024 0.323601
0 0.914162 0.334606 0.074148 0.185745
0 0.041775 0.622550 0.083135 0.405799
0 0.336875 0.413502 0.072074 0.278348
0 0.249290 0.274089 0.093845 0.174993
0 0.550605 0.481494 0.079020 0.335987
0 0.474188 0.373310 0.097970 0.222274
0 0.241516 0.362450 0.100301 0.131263
0 0.470009 0.268762 0.099643 0.121717