0 0.862714 0.536897 0.097217 0.326211
0 0.700880 0.530287 0.110166 0.334659
0 0.041854 0.568731 0.082847 0.374831
0 0.411660 0.524014 0.113348 0.334556
0 0.091499 0.546758 0.112565 0.337992
0 0.581492 0.529190 0.083572 0.291720
0 0.952612 0.510575 0.091651 0.306374
0 0.204240 0.548892 0.092750 0.338324
0 0.322393 0.525759 0.094484 0.331148
0 0.626615 0.488612 0.067341 0.292374
0 0.740436 0.478139 0.080203 0.289430
0 0.472342 0.489302 0.075384 0.269138
0 0.053669 0.385088 0.071564 0.109539
0 0.139821 0.502388 0.076902 0.344346
0 0.906131 0.490910 0.054951 0.248103
0 0.813977 0.495100 0.066156 0.267747
0 0.237263 0.482733 0.085581 0.280234