0 0.598028 0.720041 0.080345 0.202309
0 0.519623 0.706786 0.072395 0.216586
0 0.906967 0.716112 0.061992 0.226588
0 0.163154 0.656960 0.041140 0.111812
0 0.194570 0.657682 0.035228 0.113443
0 0.859829 0.724484 0.064476 0.207942
0 0.778780 0.660784 0.042046 0.115848
0 0.671175 0.650577 0.031460 0.093849
0 0.644979 0.654135 0.031173 0.085832
0 0.006926 0.613916 0.013806 0.058997
0 0.016780 0.615097 0.019457 0.059635
0 0.458185 0.658783 0.032776 0.106498
0 0.736764 0.659596 0.026061 0.089232
0 0.243445 0.641179 0.027410 0.091639
0 0.409676 0.635560 0.016942 0.065123