0 0.914828 0.746162 0.166207 0.251373
0 0.748258 0.754569 0.182418 0.232465
0 0.514518 0.710920 0.073490 0.189571
0 0.438991 0.692770 0.051138 0.155114
0 0.647403 0.715782 0.074521 0.234880
0 0.400599 0.694535 0.051397 0.172537
0 0.603322 0.726709 0.049446 0.222085
0 0.312926 0.627670 0.048170 0.074702
0 0.029644 0.635232 0.035946 0.073651
0 0.969240 0.716208 0.058394 0.153635
0 0.549397 0.680398 0.041767 0.127582
0 0.012850 0.636911 0.025502 0.069640
0 0.141043 0.604688 0.034332 0.036646
0 0.366079 0.663597 0.032676 0.125111
0 0.699408 0.667327 0.028691 0.112416
0 0.077891 0.640100 0.040927 0.063288