0 0.313321 0.650871 0.192960 0.256806
0 0.707561 0.640882 0.131966 0.278634
0 0.451519 0.648023 0.130882 0.264768
0 0.117236 0.566781 0.154241 0.421710
0 0.841977 0.614456 0.137398 0.327268
0 0.572952 0.651845 0.148789 0.259100
0 0.325439 0.469789 0.111768 0.248724
0 0.732694 0.476299 0.102380 0.226215
0 0.493518 0.491854 0.085409 0.257202
0 0.574949 0.491219 0.094205 0.217932
0 0.650587 0.482230 0.081808 0.254506
0 0.827302 0.423614 0.163887 0.253489
0 0.200910 0.562675 0.122618 0.391947
0 0.416076 0.484234 0.089438 0.212610
0 0.257152 0.552351 0.076392 0.388161
0 0.286608 0.376139 0.069153 0.090412
0 0.571911 0.391701 0.099810 0.124248