0 0.344779 0.565454 0.101907 0.367220
0 0.548784 0.600584 0.106481 0.355632
0 0.186899 0.572452 0.109754 0.341971
0 0.641481 0.615655 0.084250 0.332839
0 0.251179 0.588954 0.102777 0.325990
0 0.111924 0.582754 0.089498 0.304913
0 0.408075 0.589015 0.075535 0.339408
0 0.959834 0.509162 0.043645 0.043462
0 0.449106 0.599234 0.082033 0.341042
0 0.593000 0.420844 0.068529 0.185600
0 0.676582 0.493010 0.101744 0.336043
0 0.290540 0.418090 0.071917 0.146636
0 0.460664 0.417426 0.080473 0.167654
0 0.110055 0.424094 0.097214 0.159903
0 0.381398 0.390229 0.075346 0.106103
0 0.212056 0.411675 0.059273 0.111260
0 0.525771 0.462919 0.067743 0.283184