0 0.435608 0.626294 0.100758 0.291090
0 0.852573 0.632007 0.075220 0.274463
0 0.215522 0.647916 0.066074 0.239988
0 0.295761 0.630966 0.096764 0.282726
0 0.523387 0.631063 0.076397 0.273182
0 0.114571 0.631559 0.067529 0.242442
0 0.691314 0.628751 0.078300 0.276833
0 0.625309 0.625932 0.081481 0.278781
0 0.791707 0.639009 0.073368 0.267744
0 0.163866 0.635804 0.064079 0.259075
0 0.381544 0.626451 0.056353 0.258087
0 0.748977 0.633993 0.048435 0.264172
0 0.341453 0.619773 0.057779 0.209973
0 0.068178 0.628102 0.051250 0.237507
0 0.575460 0.636842 0.052362 0.220592