0 0.902932 0.738238 0.109118 0.271899
0 0.034816 0.746661 0.069349 0.253085
0 0.202610 0.723363 0.084885 0.258528
0 0.663566 0.726315 0.085523 0.249853
0 0.367717 0.640285 0.047658 0.149954
0 0.519189 0.673138 0.054406 0.183416
0 0.811658 0.642019 0.055822 0.153463
0 0.474095 0.666361 0.050226 0.198294
0 0.986877 0.764407 0.023122 0.216190
0 0.767351 0.653419 0.042184 0.128195
0 0.086370 0.622925 0.035124 0.108495
0 0.303557 0.618852 0.037759 0.100773
0 0.256655 0.620731 0.033023 0.093454
0 0.403832 0.647288 0.042029 0.137640
0 0.047542 0.608104 0.029369 0.070416
0 0.140373 0.606938 0.023725 0.062547