0 0.789581 0.716123 0.224850 0.285235
0 0.599542 0.676165 0.162108 0.365998
0 0.875889 0.596687 0.123281 0.357853
0 0.520006 0.656559 0.137483 0.397083
0 0.324104 0.614921 0.141735 0.372955
0 0.207393 0.623186 0.116072 0.342725
0 0.126466 0.463718 0.099704 0.248129
0 0.962749 0.559128 0.071377 0.207868
0 0.438189 0.431319 0.053670 0.176366
0 0.209345 0.443166 0.090108 0.118769
0 0.583396 0.436829 0.057352 0.160950
0 0.738409 0.611581 0.084505 0.151053
0 0.290996 0.436045 0.062165 0.094708
0 0.627028 0.412474 0.065975 0.177048