0 0.183464 0.529821 0.122600 0.342280
0 0.042829 0.527567 0.085048 0.383422
0 0.098489 0.483534 0.103812 0.412669
0 0.312846 0.446646 0.103180 0.438094
0 0.896607 0.477240 0.056137 0.238326
0 0.268342 0.510807 0.075174 0.332813
0 0.838739 0.474727 0.072635 0.261566
0 0.559137 0.507117 0.062638 0.272020
0 0.785057 0.479735 0.067468 0.269598
0 0.404401 0.449005 0.095537 0.413975
0 0.431683 0.519082 0.079855 0.297032
0 0.612412 0.490404 0.064135 0.285282
0 0.477104 0.511939 0.065482 0.291483
0 0.668282 0.496797 0.061480 0.263096
0 0.198223 0.344850 0.125768 0.198570
0 0.740129 0.491459 0.055365 0.255499
0 0.847764 0.341976 0.075320 0.132168