0 0.124096 0.493288 0.055716 0.154483
0 0.928586 0.463576 0.040813 0.115214
0 0.195217 0.490434 0.059315 0.152786
0 0.840551 0.470075 0.036250 0.101084
0 0.449831 0.471427 0.056288 0.154179
0 0.401725 0.477213 0.043114 0.139003
0 0.511495 0.472576 0.037588 0.133951
0 0.233409 0.488667 0.045749 0.157716
0 0.807441 0.475676 0.036847 0.091107
0 0.254625 0.483592 0.037846 0.153267
0 0.774672 0.472452 0.032387 0.099255
0 0.565444 0.465382 0.037238 0.138898
0 0.482941 0.490448 0.035699 0.090797
0 0.758317 0.472147 0.019339 0.098391