0 0.724081 0.631556 0.136725 0.315194
0 0.142555 0.600995 0.116213 0.305624
0 0.247627 0.589465 0.103306 0.296266
0 0.595521 0.613450 0.108064 0.285532
0 0.469480 0.614079 0.122938 0.300172
0 0.355217 0.605351 0.129189 0.265189
0 0.862180 0.545546 0.146512 0.386864
0 0.103350 0.465992 0.074581 0.201976
0 0.238112 0.447460 0.075283 0.115218
0 0.807869 0.512941 0.082351 0.318225
0 0.169599 0.442691 0.078340 0.147953
0 0.687445 0.470722 0.102766 0.201217
0 0.741150 0.442692 0.059250 0.154977
0 0.337785 0.466238 0.077067 0.154140
0 0.625567 0.456172 0.063324 0.149230