0 0.135068 0.546587 0.181566 0.554407
0 0.847736 0.603838 0.139287 0.398332
0 0.342080 0.602377 0.157140 0.410645
0 0.906763 0.507871 0.167738 0.531838
0 0.515767 0.382349 0.125901 0.222972
0 0.269021 0.543700 0.140173 0.469117
0 0.787408 0.383079 0.114812 0.209317
0 0.342993 0.344754 0.116014 0.226330
0 0.705985 0.576552 0.150010 0.427888
0 0.699538 0.431508 0.140819 0.136099
0 0.577368 0.448252 0.133375 0.103994
0 0.450638 0.600777 0.114246 0.372448
0 0.425233 0.426016 0.061078 0.134241
0 0.669861 0.364374 0.136824 0.210224
0 0.462348 0.459084 0.094053 0.080372