0 0.831799 0.518392 0.080144 0.294419
0 0.658965 0.523735 0.069401 0.278330
0 0.069899 0.525646 0.077306 0.293558
0 0.487175 0.557698 0.082046 0.237543
0 0.130394 0.524487 0.065984 0.284776
0 0.188223 0.520309 0.067995 0.284976
0 0.557434 0.561757 0.076728 0.235392
0 0.287627 0.563263 0.110670 0.229741
0 0.252933 0.515618 0.078685 0.296158
0 0.770571 0.521110 0.063835 0.282569
0 0.423137 0.554506 0.093578 0.245789
0 0.715993 0.514808 0.063135 0.281799
0 0.362966 0.561213 0.063826 0.225991
0 0.647169 0.340244 0.063367 0.082192
0 0.352538 0.341891 0.064031 0.082723
0 0.538077 0.340324 0.061423 0.084425
0 0.416323 0.341380 0.067846 0.082555
0 0.759667 0.340845 0.060793 0.074122