0 0.503197 0.446312 0.128547 0.424817
0 0.843069 0.491602 0.023296 0.069323
0 0.085180 0.469804 0.023299 0.054333
0 0.579228 0.486078 0.014110 0.032744
0 0.439933 0.483755 0.014897 0.052462
0 0.759612 0.499073 0.015342 0.043130
0 0.880000 0.501489 0.013685 0.032026
0 0.048774 0.460906 0.024157 0.066350
0 0.400786 0.480828 0.019789 0.052304
0 0.671730 0.495367 0.015080 0.037344
0 0.622126 0.490216 0.009630 0.026143
0 0.034617 0.464513 0.015592 0.055654
0 0.907569 0.500360 0.012736 0.035678
0 0.112384 0.464688 0.011055 0.033953
0 0.894273 0.499443 0.014079 0.035044
0 0.382960 0.477534 0.011666 0.035386
0 0.259748 0.470977 0.012087 0.039253