0 0.228966 0.765189 0.190710 0.235793
0 0.897088 0.691052 0.168525 0.372469
0 0.128178 0.711966 0.151532 0.326829
0 0.717325 0.772783 0.185664 0.215393
0 0.196641 0.517466 0.115429 0.394459
0 0.098502 0.476779 0.123154 0.321416
0 0.374053 0.765185 0.121445 0.235149
0 0.293905 0.480029 0.110867 0.267077
0 0.551986 0.784599 0.150649 0.195694
0 0.445336 0.734565 0.111022 0.294470
0 0.744652 0.661672 0.137062 0.239686
0 0.658783 0.582425 0.104006 0.192053
0 0.428913 0.571092 0.097483 0.191368
0 0.590326 0.683671 0.130978 0.229269
0 0.341559 0.599462 0.082007 0.139036
0 0.692475 0.355604 0.104364 0.085502
0 0.804053 0.512851 0.118686 0.359436
0 0.524488 0.625227 0.109805 0.289624
0 0.290708 0.667457 0.075942 0.135670