0 0.891070 0.713691 0.063057 0.128572
0 0.838800 0.710616 0.048806 0.128781
0 0.387379 0.731591 0.075071 0.172571
0 0.032761 0.693100 0.040446 0.140515
0 0.229007 0.696400 0.057345 0.118778
0 0.740907 0.716588 0.064582 0.147840
0 0.564413 0.733003 0.048371 0.147922
0 0.072570 0.701925 0.054508 0.149752
0 0.690639 0.708958 0.050213 0.136456
0 0.493516 0.717917 0.048375 0.151713
0 0.171371 0.702451 0.045364 0.127048
0 0.619424 0.703507 0.046272 0.131272
0 0.123776 0.716666 0.051436 0.146318
0 0.660439 0.699956 0.030651 0.126331