0 0.196377 0.653788 0.090459 0.293371
0 0.291182 0.537597 0.075559 0.242009
0 0.127564 0.461664 0.070001 0.171072
0 0.822474 0.736010 0.125502 0.192750
0 0.566456 0.642800 0.109658 0.298803
0 0.826559 0.624289 0.117426 0.270343
0 0.652526 0.621969 0.067050 0.283611
0 0.251013 0.565318 0.074763 0.268316
0 0.386419 0.512036 0.063865 0.179790
0 0.454271 0.621238 0.077417 0.277380
0 0.518308 0.586257 0.059216 0.252762
0 0.706470 0.564434 0.061606 0.212051
0 0.061227 0.474842 0.059416 0.159933
0 0.764231 0.584263 0.092984 0.195735
0 0.334080 0.506730 0.051497 0.216787