0 0.309605 0.564770 0.173639 0.474992
0 0.435699 0.538521 0.138143 0.473338
0 0.160499 0.580066 0.182319 0.525361
0 0.643069 0.570063 0.261395 0.594683
0 0.539381 0.533088 0.113384 0.452645
0 0.068577 0.595146 0.131486 0.552339
0 0.840218 0.560573 0.126472 0.473784
0 0.885014 0.370061 0.090922 0.195529
0 0.963187 0.337661 0.070501 0.164852
0 0.955228 0.541234 0.086418 0.414573
0 0.503901 0.333203 0.067620 0.114541
0 0.352886 0.365638 0.064294 0.091936
0 0.634363 0.481846 0.076132 0.330566
0 0.368170 0.539892 0.066542 0.370454
0 0.070160 0.383138 0.066892 0.141090