0 0.326979 0.660901 0.278380 0.333254
0 0.098735 0.693571 0.197264 0.269871
0 0.787382 0.702744 0.345126 0.251683
0 0.918633 0.618388 0.157644 0.236009
0 0.438563 0.656023 0.185083 0.347710
0 0.682644 0.538616 0.141165 0.204501
0 0.678276 0.674930 0.180383 0.286509
0 0.585743 0.634680 0.137762 0.371337
0 0.354440 0.520430 0.082515 0.154573
0 0.263883 0.470211 0.042109 0.077210
0 0.042502 0.505262 0.084794 0.116069
0 0.194811 0.591648 0.166344 0.250899
0 0.775341 0.556926 0.055939 0.160748
0 0.552810 0.497624 0.073045 0.100266
0 0.116339 0.510153 0.078391 0.110836
0 0.665819 0.482584 0.042487 0.064526
0 0.805607 0.518206 0.048598 0.124272
0 0.771737 0.466443 0.063574 0.087785