0 0.489389 0.639726 0.153567 0.452503
0 0.629219 0.654433 0.139350 0.432423
0 0.104646 0.627883 0.145356 0.448856
0 0.760237 0.641262 0.143173 0.461921
0 0.879215 0.620663 0.149422 0.445058
0 0.375134 0.656633 0.109024 0.388399
0 0.219096 0.621612 0.101116 0.404500
0 0.287257 0.639076 0.106144 0.413001
0 0.693860 0.460880 0.076142 0.120434
0 0.814714 0.445564 0.083856 0.118310
0 0.963305 0.511044 0.070265 0.215270
0 0.576003 0.472385 0.074369 0.157272
0 0.524156 0.438771 0.061020 0.093086
0 0.420558 0.479219 0.047206 0.102359
0 0.323646 0.456810 0.038978 0.078614