0 0.094334 0.539843 0.101047 0.354168
0 0.320826 0.473585 0.068706 0.085574
0 0.409473 0.481401 0.108674 0.121807
0 0.749283 0.485246 0.062345 0.116382
0 0.847906 0.540825 0.162491 0.177627
0 0.189358 0.546299 0.104781 0.246436
0 0.897802 0.476046 0.069493 0.108358
0 0.553997 0.497729 0.091768 0.108254
0 0.491225 0.473841 0.067987 0.080613
0 0.453203 0.463715 0.040829 0.062304
0 0.973581 0.531725 0.049713 0.158077
0 0.944763 0.455385 0.075721 0.109604
0 0.188639 0.477215 0.101969 0.109684
0 0.689437 0.554908 0.101098 0.201143
0 0.667584 0.641432 0.141581 0.372602