0 0.845287 0.589925 0.066888 0.251670
0 0.785316 0.586316 0.066390 0.240758
0 0.521938 0.562839 0.078552 0.088309
0 0.211300 0.598889 0.078704 0.250243
0 0.434742 0.529240 0.070756 0.145188
0 0.723684 0.579871 0.066551 0.241863
0 0.377336 0.581761 0.065902 0.219974
0 0.579582 0.530960 0.056905 0.137801
0 0.676166 0.569088 0.048020 0.215096
0 0.636339 0.541906 0.058135 0.148478
0 0.272661 0.600737 0.059593 0.245183
0 0.315997 0.586549 0.051140 0.221677
0 0.945146 0.444554 0.071837 0.085272
0 0.480283 0.527500 0.060113 0.146234
0 0.244478 0.492620 0.034725 0.064186