0 0.827756 0.701625 0.110538 0.302748
0 0.244054 0.676375 0.114115 0.210529
0 0.927268 0.705635 0.142339 0.328708
0 0.116933 0.674379 0.057224 0.192773
0 0.718479 0.624447 0.044321 0.122257
0 0.449847 0.623517 0.039456 0.131828
0 0.762877 0.621928 0.046479 0.124903
0 0.615654 0.631597 0.038366 0.121025
0 0.024980 0.709047 0.049668 0.324081
0 0.489797 0.630728 0.036423 0.130141
0 0.043101 0.686326 0.055280 0.189465
0 0.287244 0.601524 0.031112 0.113775
0 0.890778 0.574714 0.024216 0.035882
0 0.988439 0.590192 0.019998 0.077480