0 0.938338 0.616948 0.120200 0.318658
0 0.723513 0.596225 0.084268 0.298068
0 0.785591 0.526246 0.057474 0.151459
0 0.426186 0.524343 0.049090 0.149604
0 0.605085 0.536319 0.055076 0.145072
0 0.379652 0.525101 0.043320 0.141996
0 0.495861 0.535066 0.036157 0.109827
0 0.125213 0.579815 0.046771 0.125878
0 0.656329 0.533033 0.042477 0.120994
0 0.881397 0.545290 0.051152 0.144077
0 0.307619 0.544252 0.034845 0.099897
0 0.559297 0.527724 0.039464 0.115956
0 0.152037 0.533526 0.077148 0.147806
0 0.340155 0.520200 0.031114 0.102864
0 0.267006 0.523973 0.040680 0.130007
0 0.928441 0.510365 0.051831 0.093172
0 0.231316 0.526119 0.036695 0.107969