0 0.357273 0.567656 0.105089 0.336332
0 0.870436 0.565319 0.089268 0.339073
0 0.116772 0.539625 0.080722 0.324773
0 0.264024 0.570361 0.094700 0.335061
0 0.179665 0.569730 0.094611 0.345128
0 0.636621 0.569362 0.085368 0.322476
0 0.460502 0.567743 0.104625 0.339108
0 0.559243 0.575725 0.093140 0.319304
0 0.786555 0.573298 0.084369 0.316930
0 0.709684 0.568852 0.078794 0.329159
0 0.228414 0.415650 0.051257 0.097606
0 0.508628 0.542000 0.066076 0.319635
0 0.817037 0.441328 0.049492 0.114688
0 0.378695 0.397886 0.071222 0.114232
0 0.185928 0.386563 0.064541 0.088996