0 0.926522 0.683804 0.075043 0.190104
0 0.434567 0.669006 0.036124 0.111600
0 0.238603 0.677191 0.038684 0.108142
0 0.141005 0.690952 0.052846 0.149712
0 0.501890 0.679593 0.042207 0.134416
0 0.292504 0.673930 0.038826 0.109169
0 0.834105 0.681464 0.057985 0.179655
0 0.055306 0.691252 0.061444 0.127385
0 0.467794 0.667949 0.033869 0.110948
0 0.095197 0.688908 0.037196 0.123495
0 0.368905 0.663882 0.024802 0.086766
0 0.013081 0.676981 0.026161 0.101483
0 0.181083 0.664013 0.033440 0.092921
0 0.402786 0.657844 0.024461 0.082947
0 0.316882 0.664310 0.023183 0.080086
0 0.805884 0.671306 0.042167 0.158261