0 0.323828 0.565500 0.062948 0.191016
0 0.772080 0.590400 0.090314 0.210957
0 0.108162 0.540108 0.077617 0.195795
0 0.023591 0.540340 0.047182 0.180945
0 0.906353 0.598641 0.065221 0.173813
0 0.669657 0.594867 0.057255 0.153375
0 0.969916 0.594073 0.057043 0.187073
0 0.467221 0.564466 0.043289 0.174701
0 0.841915 0.595200 0.061441 0.198777
0 0.544069 0.571246 0.045350 0.172017
0 0.503243 0.582928 0.038437 0.155689
0 0.144976 0.507040 0.032248 0.102796
0 0.068598 0.505361 0.038435 0.103160
0 0.724940 0.532333 0.033775 0.093395
0 0.878017 0.528030 0.028125 0.088302