0 0.618598 0.677011 0.190027 0.309785
0 0.905550 0.689842 0.102444 0.319133
0 0.466618 0.642565 0.078257 0.213462
0 0.179023 0.693492 0.089494 0.286591
0 0.731909 0.651041 0.067883 0.202058
0 0.977195 0.675603 0.042485 0.241911
0 0.809564 0.639534 0.052340 0.157996
0 0.265519 0.665857 0.089186 0.173332
0 0.354171 0.658293 0.077505 0.249619
0 0.852585 0.623874 0.045673 0.169294
0 0.676543 0.613174 0.037136 0.123124
0 0.274773 0.565250 0.039901 0.072263
0 0.530686 0.617907 0.051624 0.174078
0 0.406333 0.625148 0.047205 0.166201
0 0.637604 0.631238 0.048841 0.178337