0 0.768056 0.799194 0.072104 0.150553
0 0.649040 0.816701 0.057448 0.115204
0 0.370173 0.809570 0.047050 0.130316
0 0.421389 0.802130 0.052018 0.145583
0 0.554696 0.815128 0.040651 0.122768
0 0.602538 0.825016 0.037652 0.098732
0 0.291147 0.798503 0.032083 0.091500
0 0.330042 0.818590 0.031329 0.117090
0 0.460105 0.805140 0.030099 0.105929
0 0.909607 0.781437 0.020469 0.048679
0 0.495082 0.809419 0.028134 0.095912
0 0.932111 0.780572 0.026926 0.051078
0 0.522338 0.808587 0.034131 0.115678
0 0.868577 0.769820 0.015432 0.036127
0 0.311158 0.793443 0.021203 0.090039
0 0.044643 0.788618 0.013555 0.037387