0 0.775712 0.730828 0.081586 0.135448
0 0.046925 0.739209 0.093578 0.118017
0 0.909619 0.714058 0.039001 0.125838
0 0.029022 0.678807 0.058045 0.138145
0 0.392727 0.736467 0.082832 0.124091
0 0.640994 0.708698 0.066887 0.149128
0 0.148097 0.707521 0.052542 0.163603
0 0.930983 0.640178 0.019240 0.051565
0 0.200608 0.716122 0.058859 0.166440
0 0.278697 0.723981 0.050911 0.145697
0 0.547112 0.730591 0.067708 0.135823
0 0.321202 0.704800 0.050825 0.162145
0 0.713919 0.735296 0.055524 0.125421
0 0.469155 0.676870 0.034567 0.116763
0 0.227339 0.714552 0.042564 0.167739
0 0.962366 0.650527 0.021128 0.063278