0 0.895953 0.561277 0.134357 0.402101
0 0.064726 0.720616 0.128907 0.218128
0 0.677491 0.697994 0.107520 0.230466
0 0.830831 0.351126 0.102890 0.350132
0 0.416470 0.712362 0.149627 0.238065
0 0.727314 0.779914 0.144783 0.103965
0 0.090016 0.483915 0.101494 0.375567
0 0.969380 0.780670 0.058115 0.099156
0 0.543493 0.712511 0.118737 0.238601
0 0.945590 0.331057 0.105696 0.326236
0 0.219977 0.373770 0.114184 0.296842
0 0.229865 0.564578 0.120951 0.230364
0 0.614319 0.694945 0.102347 0.275486
0 0.262496 0.768173 0.084224 0.130316
0 0.317630 0.682926 0.113950 0.248349
0 0.211629 0.725259 0.098437 0.210436
0 0.169558 0.698043 0.148495 0.261387
0 0.544923 0.521646 0.108875 0.200957
0 0.357927 0.447150 0.117831 0.298980
0 0.450107 0.414655 0.113208 0.336000