0 0.629204 0.579213 0.115431 0.373712
0 0.243220 0.600574 0.134309 0.354294
0 0.088788 0.562300 0.127246 0.428447
0 0.797932 0.591674 0.129841 0.372204
0 0.401595 0.583716 0.092902 0.371505
0 0.481061 0.569334 0.097296 0.358260
0 0.318376 0.576887 0.084608 0.380415
0 0.708480 0.579747 0.087741 0.366724
0 0.908538 0.555517 0.143148 0.409923
0 0.173223 0.564553 0.093424 0.413212
0 0.558137 0.573246 0.067989 0.334250
0 0.138202 0.390953 0.057052 0.105287
0 0.709594 0.397413 0.109322 0.142724
0 0.759742 0.373486 0.057170 0.073597