0 0.122753 0.605302 0.175330 0.348182
0 0.658857 0.640203 0.187246 0.277734
0 0.377136 0.621984 0.151803 0.311102
0 0.797726 0.641220 0.178140 0.277223
0 0.181587 0.523721 0.110299 0.309641
0 0.836307 0.493003 0.130959 0.175286
0 0.673474 0.438441 0.112561 0.142997
0 0.289181 0.517640 0.083934 0.303439
0 0.956583 0.674581 0.083709 0.209809
0 0.486424 0.513230 0.089743 0.143043
0 0.252076 0.477137 0.072803 0.288608
0 0.554456 0.641455 0.119538 0.249919
0 0.346157 0.464978 0.102026 0.161678
0 0.433651 0.446136 0.085684 0.236899
0 0.564584 0.461001 0.106711 0.196867
0 0.763178 0.587438 0.083165 0.134021
0 0.618459 0.409569 0.079800 0.183443
0 0.619326 0.525917 0.077288 0.096522