0 0.803423 0.562616 0.150792 0.362301
0 0.444588 0.497915 0.077448 0.168977
0 0.375777 0.491100 0.067243 0.178172
0 0.263596 0.542066 0.071981 0.252310
0 0.711658 0.555218 0.090226 0.315577
0 0.203638 0.535474 0.079605 0.278929
0 0.122859 0.549189 0.050887 0.121508
0 0.641256 0.521843 0.084087 0.303490
0 0.527512 0.494535 0.079396 0.185454
0 0.321286 0.521740 0.060336 0.260916
0 0.049621 0.546597 0.044942 0.120234
0 0.578180 0.497608 0.060183 0.226447
0 0.482594 0.492318 0.046340 0.184294
0 0.011853 0.563368 0.023706 0.151114