0 0.939030 0.657825 0.115422 0.285932
0 0.253821 0.695848 0.120567 0.257870
0 0.064707 0.705151 0.119692 0.237287
0 0.795124 0.670325 0.088959 0.272298
0 0.708572 0.656669 0.097450 0.292684
0 0.855768 0.638634 0.068449 0.281104
0 0.334426 0.694696 0.065743 0.258498
0 0.658600 0.626190 0.058602 0.319471
0 0.602296 0.648796 0.072589 0.254870
0 0.139529 0.706491 0.124386 0.236185
0 0.558450 0.690852 0.078022 0.250606
0 0.486414 0.683941 0.062602 0.247957
0 0.374658 0.695884 0.056160 0.250012
0 0.423314 0.685850 0.065015 0.267666