0 0.765884 0.364208 0.305191 0.422484
0 0.671159 0.606176 0.279620 0.345638
0 0.178749 0.322613 0.269287 0.336869
0 0.565218 0.427056 0.207865 0.290727
0 0.867256 0.666072 0.197484 0.222535
0 0.928308 0.271724 0.140259 0.183196
0 0.372330 0.397892 0.129029 0.318829
0 0.472882 0.502204 0.244892 0.284897
0 0.940168 0.564393 0.116538 0.423728
0 0.074857 0.433466 0.148882 0.287514
0 0.621336 0.275569 0.165635 0.243194
0 0.233508 0.630539 0.271820 0.299450
0 0.068544 0.661799 0.136548 0.235631
0 0.456634 0.685165 0.187006 0.187762
0 0.344952 0.582934 0.282729 0.386638
0 0.078126 0.231938 0.155406 0.156122
0 0.293081 0.513359 0.179324 0.251435
0 0.489566 0.302366 0.126467 0.132986
0 0.430440 0.220381 0.113628 0.130962