0 0.421391 0.596648 0.229807 0.320028
0 0.571855 0.552144 0.187925 0.307930
0 0.925058 0.514650 0.146758 0.268688
0 0.186137 0.601193 0.250781 0.344869
0 0.721080 0.529731 0.158616 0.279451
0 0.128878 0.425550 0.138249 0.261726
0 0.266510 0.516675 0.112694 0.228266
0 0.966588 0.360510 0.063699 0.205066
0 0.225195 0.395276 0.097910 0.215130
0 0.612595 0.482297 0.088042 0.201528
0 0.331273 0.381316 0.112260 0.185021
0 0.854640 0.343611 0.074775 0.133010
0 0.035397 0.376751 0.070328 0.183507
0 0.575542 0.303256 0.080981 0.101494
0 0.805993 0.357516 0.100736 0.146168
0 0.477904 0.487248 0.086462 0.223832