0 0.086910 0.647679 0.173821 0.431118
0 0.683353 0.620488 0.291743 0.486592
0 0.296564 0.623025 0.185042 0.482344
0 0.901280 0.624383 0.194314 0.476343
0 0.082279 0.393754 0.164169 0.287348
0 0.666533 0.417786 0.266570 0.352103
0 0.505914 0.362605 0.167207 0.290800
0 0.889467 0.402861 0.217940 0.289029
0 0.366675 0.428279 0.143186 0.306255
0 0.494344 0.628554 0.203471 0.457018
0 0.294157 0.298276 0.069215 0.162696
0 0.843073 0.336840 0.081296 0.223697
0 0.165187 0.320265 0.076784 0.180542
0 0.575193 0.302267 0.079421 0.101662
0 0.760740 0.327973 0.119069 0.190090
0 0.221751 0.412496 0.126830 0.274627
0 0.703605 0.266987 0.058179 0.085282