0 0.169476 0.760827 0.081020 0.145177
0 0.722589 0.750235 0.084715 0.166231
0 0.982314 0.706771 0.032246 0.111797
0 0.470048 0.753594 0.057065 0.161903
0 0.052273 0.740796 0.050433 0.168954
0 0.087574 0.764148 0.061554 0.137928
0 0.306646 0.760780 0.063228 0.147037
0 0.252211 0.723141 0.042801 0.123719
0 0.633645 0.761424 0.099268 0.144174
0 0.409913 0.760020 0.071028 0.149256
0 0.765695 0.710842 0.045001 0.141775
0 0.854819 0.748796 0.054115 0.169695
0 0.804722 0.727029 0.040022 0.126774
0 0.914355 0.756577 0.050010 0.149471
0 0.550474 0.760238 0.076488 0.150961
0 0.951374 0.719941 0.040352 0.144863
0 0.356593 0.755325 0.077095 0.159808