0 0.849883 0.583332 0.164599 0.359921
0 0.634320 0.616255 0.147171 0.299599
0 0.066992 0.596891 0.133093 0.328726
0 0.508095 0.580799 0.151252 0.367147
0 0.940698 0.619836 0.115479 0.284491
0 0.960034 0.443501 0.076807 0.100501
0 0.687915 0.491188 0.091491 0.228120
0 0.332700 0.573753 0.089389 0.172998
0 0.316642 0.653876 0.198985 0.220571
0 0.338456 0.464766 0.054981 0.195364
0 0.239630 0.484122 0.125177 0.228839
0 0.238887 0.555321 0.105416 0.217552
0 0.827319 0.428232 0.064742 0.115046
0 0.781369 0.455486 0.049648 0.159905
0 0.635896 0.417750 0.044043 0.109034
0 0.775549 0.386435 0.058471 0.079076
0 0.730077 0.442377 0.057603 0.166606