0 0.844148 0.687510 0.154139 0.284566
0 0.394177 0.692408 0.125351 0.277358
0 0.700452 0.636290 0.080637 0.254705
0 0.226482 0.654535 0.071814 0.236934
0 0.541063 0.634163 0.057091 0.182492
0 0.153987 0.626222 0.060872 0.159760
0 0.104724 0.607287 0.043645 0.141543
0 0.284404 0.612349 0.052577 0.169872
0 0.332302 0.612316 0.056570 0.154198
0 0.628118 0.593181 0.034133 0.118218
0 0.660349 0.585909 0.030599 0.112048
0 0.468136 0.606372 0.045856 0.159676
0 0.754088 0.627997 0.040613 0.154434
0 0.982156 0.706819 0.032563 0.240552
0 0.021236 0.565380 0.042268 0.080253
0 0.437368 0.584973 0.053144 0.090225