0 0.389002 0.608091 0.056917 0.149218
0 0.883952 0.575379 0.057565 0.125024
0 0.447970 0.608539 0.049556 0.140636
0 0.305900 0.617510 0.057638 0.160144
0 0.762896 0.569070 0.045815 0.102678
0 0.562794 0.594672 0.045372 0.147045
0 0.825577 0.585937 0.055071 0.124572
0 0.524060 0.607316 0.046424 0.156041
0 0.612887 0.597331 0.044835 0.137251
0 0.722794 0.572560 0.033278 0.096929
0 0.655299 0.590707 0.049526 0.138613
0 0.260737 0.632375 0.055572 0.160749
0 0.684125 0.574374 0.025283 0.088580
0 0.228191 0.611445 0.029829 0.132255
0 0.196107 0.623894 0.041902 0.153022