0 0.733469 0.626847 0.263021 0.397341
0 0.096652 0.669886 0.192216 0.317908
0 0.444100 0.639887 0.209106 0.373927
0 0.520161 0.636767 0.147017 0.271107
0 0.175898 0.612899 0.181485 0.222075
0 0.241770 0.592049 0.117065 0.184791
0 0.255212 0.472965 0.038883 0.064257
0 0.982754 0.556374 0.031368 0.077364
0 0.685648 0.508144 0.025871 0.070586
0 0.923651 0.548823 0.045898 0.071715
0 0.953467 0.548243 0.035457 0.069169
0 0.353302 0.533374 0.063574 0.095740
0 0.430534 0.529055 0.036163 0.056443
0 0.792330 0.516597 0.027396 0.045442