0 0.032504 0.665397 0.064864 0.218473
0 0.869248 0.570795 0.116066 0.333064
0 0.226375 0.655867 0.149124 0.285088
0 0.231002 0.475255 0.094896 0.230816
0 0.758782 0.616469 0.130097 0.226051
0 0.452329 0.553554 0.097636 0.331592
0 0.664304 0.613716 0.089473 0.205435
0 0.357905 0.613280 0.096144 0.203583
0 0.754451 0.467465 0.079223 0.177617
0 0.575734 0.599479 0.087751 0.236689
0 0.525921 0.531480 0.091046 0.325961
0 0.297487 0.466619 0.086241 0.234288
0 0.687399 0.484950 0.086795 0.178061
0 0.412073 0.528353 0.077717 0.337995
0 0.339939 0.517424 0.092555 0.305348
0 0.612277 0.469345 0.091605 0.199440