0 0.652036 0.497206 0.189942 0.653703
0 0.812181 0.570588 0.066788 0.193604
0 0.143869 0.578489 0.109324 0.208056
0 0.758456 0.562919 0.059017 0.188909
0 0.026241 0.589613 0.052246 0.229044
0 0.254692 0.578448 0.092559 0.195839
0 0.060077 0.579756 0.063746 0.221817
0 0.919231 0.542085 0.051213 0.164708
0 0.494785 0.536472 0.039848 0.095491
0 0.390787 0.534020 0.031212 0.094652
0 0.177296 0.547392 0.042716 0.122566
0 0.426705 0.531986 0.027239 0.093211
0 0.731805 0.551766 0.032634 0.149992
0 0.889514 0.531463 0.036151 0.143872
0 0.332726 0.537939 0.033663 0.122989
0 0.347829 0.535941 0.027806 0.120164