0 0.971838 0.675417 0.053198 0.305605
0 0.499131 0.601615 0.094592 0.256275
0 0.373891 0.592943 0.092553 0.267566
0 0.030351 0.648742 0.060006 0.336812
0 0.771621 0.656966 0.120481 0.341271
0 0.707637 0.676782 0.099998 0.311034
0 0.203698 0.644190 0.119673 0.129344
0 0.668504 0.592831 0.084122 0.288798
0 0.942180 0.543228 0.061152 0.164909
0 0.811628 0.586622 0.088408 0.271736
0 0.443804 0.558933 0.057873 0.185020
0 0.289064 0.571698 0.066558 0.191623
0 0.222149 0.578946 0.072470 0.216895
0 0.551840 0.543366 0.053689 0.201132
0 0.860917 0.536817 0.053625 0.164350
0 0.596651 0.577502 0.071575 0.204732
0 0.088775 0.609630 0.079603 0.279730
0 0.168561 0.550186 0.060799 0.165568