0 0.586308 0.776603 0.034745 0.094327
0 0.122640 0.792030 0.033339 0.111439
0 0.903330 0.784313 0.038622 0.097464
0 0.938827 0.783435 0.036588 0.097523
0 0.959360 0.781343 0.026011 0.101278
0 0.753110 0.773765 0.029421 0.083551
0 0.173153 0.779115 0.028716 0.093156
0 0.485489 0.770515 0.020466 0.063080
0 0.855213 0.756600 0.020266 0.057235
0 0.362687 0.780172 0.023990 0.070306
0 0.390964 0.782274 0.028725 0.066601
0 0.797091 0.760548 0.023552 0.061968
0 0.198434 0.780850 0.031691 0.089052
0 0.021221 0.767830 0.024714 0.069174
0 0.819769 0.760512 0.026149 0.062095
0 0.220032 0.758093 0.019135 0.056733
0 0.047621 0.774211 0.020371 0.045318
0 0.688703 0.758667 0.017827 0.052752