0 0.903605 0.703957 0.179627 0.271318
0 0.050376 0.610034 0.100010 0.459836
0 0.151108 0.694671 0.181042 0.287938
0 0.768274 0.521827 0.113575 0.253433
0 0.352503 0.521555 0.123794 0.206688
0 0.636889 0.692801 0.117408 0.270105
0 0.582987 0.515548 0.116303 0.239977
0 0.224099 0.518788 0.149546 0.257115
0 0.472098 0.520703 0.121845 0.215016
0 0.878636 0.526453 0.116049 0.272022
0 0.958563 0.614578 0.079750 0.423386
0 0.281962 0.675755 0.148506 0.315059
0 0.672502 0.537364 0.101173 0.283505
0 0.534507 0.601795 0.117099 0.102087
0 0.419477 0.590065 0.125236 0.111307
0 0.714475 0.698074 0.221219 0.284613
0 0.139129 0.515794 0.099245 0.271324
0 0.543720 0.421872 0.053317 0.105716
0 0.423837 0.433405 0.069989 0.121802
0 0.290677 0.410424 0.065557 0.125433