0 0.119645 0.577907 0.159459 0.367587
0 0.409803 0.580332 0.158050 0.326091
0 0.752633 0.555606 0.127393 0.329615
0 0.878778 0.568351 0.148902 0.315349
0 0.639526 0.570379 0.138023 0.329675
0 0.503389 0.570258 0.123502 0.317937
0 0.339469 0.431598 0.098851 0.210855
0 0.220779 0.396768 0.134669 0.225888
0 0.785582 0.397835 0.132765 0.193913
0 0.903546 0.441316 0.117002 0.298398
0 0.257454 0.579036 0.166643 0.337417
0 0.433572 0.418324 0.089824 0.173946
0 0.643590 0.393555 0.105144 0.179897
0 0.713312 0.391347 0.082656 0.207061
0 0.279859 0.346705 0.067588 0.138965
0 0.380891 0.357399 0.051487 0.102872