0 0.904638 0.532527 0.187599 0.481945
0 0.499149 0.556928 0.141279 0.452325
0 0.207893 0.546939 0.181708 0.481120
0 0.086479 0.559290 0.172259 0.481699
0 0.299522 0.523927 0.130979 0.428772
0 0.780778 0.539577 0.136298 0.417793
0 0.601427 0.558041 0.122021 0.448892
0 0.391903 0.515488 0.118076 0.453265
0 0.695929 0.547673 0.111666 0.418911
0 0.237046 0.337449 0.076581 0.133289
0 0.472820 0.332805 0.100354 0.162714
0 0.860351 0.399336 0.094320 0.209651
0 0.660938 0.347107 0.087973 0.152197
0 0.594149 0.341499 0.083356 0.158746
0 0.745865 0.344036 0.065851 0.157563