0 0.384317 0.726850 0.053785 0.145620
0 0.614026 0.729873 0.057140 0.144828
0 0.493678 0.623096 0.060280 0.139601
0 0.300991 0.595873 0.042411 0.120679
0 0.312736 0.466101 0.035679 0.119290
0 0.377537 0.398638 0.038229 0.123353
0 0.741943 0.504795 0.045933 0.131174
0 0.048748 0.250379 0.052647 0.118988
0 0.540598 0.484522 0.046881 0.138573
0 0.219917 0.262277 0.039217 0.099185
0 0.916841 0.470983 0.045193 0.063472
0 0.934468 0.501391 0.050101 0.071943
0 0.562152 0.241939 0.058996 0.112173
0 0.597357 0.291297 0.042007 0.120489
0 0.384164 0.231512 0.042304 0.108248
0 0.201249 0.394779 0.037848 0.123917
0 0.624474 0.423934 0.058486 0.124730