0 0.145169 0.826947 0.056951 0.095119
0 0.672771 0.825731 0.045738 0.096000
0 0.884607 0.815719 0.033684 0.083794
0 0.263132 0.830352 0.032383 0.086600
0 0.185990 0.834292 0.032053 0.079396
0 0.584326 0.834402 0.032342 0.076298
0 0.549681 0.830877 0.033023 0.087026
0 0.733230 0.834429 0.049525 0.079360
0 0.847922 0.818379 0.027858 0.074131
0 0.522007 0.833396 0.028400 0.081414
0 0.457744 0.832868 0.024743 0.081078
0 0.363683 0.830572 0.023973 0.069452
0 0.813192 0.826356 0.030716 0.088403
0 0.224860 0.835387 0.037842 0.076580
0 0.779877 0.818995 0.029725 0.068352
0 0.392262 0.834897 0.021988 0.053095
0 0.970043 0.817051 0.041286 0.097662
0 0.071185 0.834675 0.033079 0.074994