0 0.946640 0.581480 0.103595 0.542326
0 0.449368 0.607807 0.167788 0.487675
0 0.137650 0.612572 0.222372 0.468085
0 0.697804 0.558285 0.368923 0.587594
0 0.259367 0.600810 0.143232 0.518220
0 0.850726 0.432125 0.111963 0.155956
0 0.346879 0.582747 0.114317 0.475943
0 0.119926 0.358875 0.156596 0.215655
0 0.022523 0.570721 0.044730 0.453628
0 0.574931 0.591143 0.154689 0.479669
0 0.466093 0.402641 0.109735 0.155598
0 0.313827 0.402404 0.040445 0.074634
0 0.049620 0.724385 0.066931 0.259387
0 0.057211 0.334477 0.044339 0.095212