0 0.053073 0.597813 0.105756 0.363068
0 0.875053 0.582197 0.115119 0.264523
0 0.190741 0.575124 0.086517 0.282580
0 0.774357 0.560469 0.063713 0.261123
0 0.648081 0.553830 0.069050 0.245822
0 0.258402 0.574201 0.083590 0.249159
0 0.709000 0.555836 0.082020 0.237914
0 0.423883 0.568085 0.077363 0.252660
0 0.489018 0.560306 0.062981 0.241706
0 0.128608 0.578086 0.072820 0.299394
0 0.591666 0.548122 0.068663 0.253608
0 0.366708 0.560781 0.061028 0.259707
0 0.540353 0.556330 0.054317 0.244592
0 0.310226 0.563957 0.059818 0.250557
0 0.938574 0.573490 0.066948 0.270344
0 0.824437 0.567235 0.050301 0.233451
0 0.977508 0.547590 0.041859 0.273701
0 0.224064 0.458132 0.044267 0.068911