0 0.055609 0.618025 0.110729 0.381205
0 0.367076 0.597097 0.113003 0.334935
0 0.275987 0.599748 0.093158 0.323752
0 0.943799 0.641566 0.109276 0.344912
0 0.837764 0.634757 0.111522 0.351035
0 0.147605 0.606308 0.117676 0.365637
0 0.710836 0.630476 0.114500 0.303999
0 0.590516 0.609276 0.121412 0.315646
0 0.457426 0.603524 0.096413 0.315690
0 0.208671 0.597862 0.082181 0.320840
0 0.888041 0.617316 0.065396 0.353864
0 0.521129 0.613365 0.067346 0.294172
0 0.635650 0.608792 0.065016 0.301020
0 0.761086 0.620365 0.069589 0.310343
0 0.088415 0.473669 0.051519 0.100543
0 0.681500 0.488469 0.082725 0.109319