0 0.675452 0.599175 0.072111 0.087177
0 0.572408 0.648610 0.124955 0.158281
0 0.856807 0.620614 0.070544 0.132606
0 0.450118 0.647114 0.064301 0.155546
0 0.756676 0.593538 0.100921 0.073610
0 0.914001 0.614045 0.061876 0.118477
0 0.182325 0.665486 0.116477 0.188865
0 0.102962 0.635508 0.052493 0.107700
0 0.331750 0.588158 0.068857 0.076966
0 0.102793 0.606091 0.049217 0.048929
0 0.263990 0.608784 0.021989 0.032604
0 0.290578 0.609219 0.025300 0.032297
0 0.369668 0.637945 0.143842 0.176936
0 0.213604 0.610304 0.043795 0.036158