0 0.192649 0.674433 0.103305 0.337238
0 0.945151 0.703385 0.091106 0.297464
0 0.275543 0.670283 0.108929 0.303302
0 0.795510 0.718340 0.105187 0.287048
0 0.852940 0.685543 0.078624 0.249432
0 0.706036 0.685538 0.083199 0.274295
0 0.530343 0.722979 0.082028 0.295087
0 0.611534 0.686443 0.095647 0.308702
0 0.463126 0.714652 0.082547 0.293108
0 0.355760 0.705706 0.072918 0.265858
0 0.349891 0.557183 0.083222 0.125121
0 0.504405 0.531805 0.083058 0.146034
0 0.402122 0.706796 0.067163 0.273728
0 0.783545 0.564262 0.063653 0.115862
0 0.446731 0.491574 0.058640 0.095520
0 0.738569 0.570250 0.065840 0.138521
0 0.422178 0.442903 0.056103 0.115662
0 0.627743 0.514041 0.050534 0.118088