0 0.060782 0.598195 0.115853 0.343806
0 0.163982 0.612635 0.121138 0.322608
0 0.964251 0.602169 0.068373 0.328365
0 0.752426 0.597165 0.096082 0.310634
0 0.839115 0.617708 0.099463 0.292238
0 0.910835 0.620166 0.094743 0.291454
0 0.545678 0.596020 0.088216 0.297227
0 0.306286 0.609452 0.061398 0.299009
0 0.411959 0.598643 0.063303 0.295728
0 0.245950 0.605075 0.082830 0.292227
0 0.473718 0.597966 0.070564 0.297388
0 0.355628 0.601982 0.069126 0.299876
0 0.679814 0.596875 0.072815 0.295020
0 0.626675 0.598996 0.089911 0.287930
0 0.876982 0.466394 0.095296 0.141540
0 0.796176 0.477210 0.063844 0.111401