0 0.912733 0.545676 0.164219 0.558811
0 0.807818 0.570944 0.162440 0.506298
0 0.283520 0.630814 0.137813 0.384995
0 0.536243 0.686713 0.112986 0.276984
0 0.672760 0.627805 0.154643 0.392021
0 0.382006 0.586781 0.128284 0.473551
0 0.069080 0.590969 0.126187 0.459855
0 0.204000 0.590506 0.136597 0.468620
0 0.143658 0.581745 0.124455 0.465121
0 0.483609 0.589801 0.132472 0.468354
0 0.726868 0.402211 0.124948 0.261663
0 0.638597 0.291237 0.103513 0.162711
0 0.634144 0.450808 0.107017 0.294878
0 0.306496 0.405437 0.100600 0.115275
0 0.557055 0.435674 0.093497 0.311406
0 0.448997 0.363868 0.084901 0.157836
0 0.388973 0.309828 0.068865 0.122337