0 0.142922 0.571918 0.258335 0.410323
0 0.501933 0.527363 0.301426 0.498285
0 0.724036 0.637920 0.239770 0.281120
0 0.938220 0.679311 0.120434 0.198479
0 0.313853 0.566011 0.120944 0.291859
0 0.898406 0.604691 0.182981 0.327643
0 0.239831 0.421292 0.127521 0.292920
0 0.272348 0.718095 0.186461 0.124524
0 0.948181 0.445794 0.100513 0.239037
0 0.050065 0.455354 0.099524 0.249743
0 0.400243 0.396303 0.093991 0.176588
0 0.038421 0.656520 0.076335 0.242595
0 0.698653 0.508888 0.157805 0.255233
0 0.063449 0.442100 0.088251 0.132680
0 0.767982 0.404193 0.120583 0.180976
0 0.624148 0.361919 0.162977 0.267615
0 0.886069 0.387489 0.106336 0.175145
0 0.337100 0.389965 0.074070 0.123124
0 0.920155 0.288138 0.136284 0.133164
0 0.698147 0.338598 0.093412 0.128361