0 0.839294 0.604934 0.058838 0.148972
0 0.159773 0.597724 0.059146 0.136870
0 0.413471 0.599233 0.050478 0.126691
0 0.916568 0.619476 0.043756 0.110646
0 0.664487 0.609253 0.042426 0.121235
0 0.561204 0.611383 0.030218 0.100529
0 0.984962 0.615129 0.026950 0.149748
0 0.962335 0.617150 0.032831 0.119987
0 0.218090 0.603408 0.037672 0.119083
0 0.255098 0.597410 0.043274 0.134590
0 0.626861 0.604742 0.035378 0.105272
0 0.285613 0.604942 0.035296 0.104238
0 0.474216 0.618464 0.030080 0.084321
0 0.315409 0.609238 0.035348 0.095738
0 0.041482 0.584496 0.036814 0.061547
0 0.449464 0.621634 0.027660 0.080897
0 0.196487 0.600761 0.025101 0.103513
0 0.092314 0.582542 0.030388 0.054447
0 0.691656 0.612553 0.022124 0.063680
0 0.585518 0.608583 0.024683 0.075943
0 0.801867 0.617519 0.024743 0.068149
0 0.125443 0.571157 0.031703 0.053854