0 0.137008 0.608731 0.170824 0.388334
0 0.543573 0.603376 0.162442 0.397496
0 0.692334 0.616261 0.134368 0.374181
0 0.789411 0.519697 0.124393 0.495018
0 0.289108 0.607561 0.153988 0.390423
0 0.408327 0.606176 0.139387 0.389235
0 0.101803 0.437193 0.124341 0.305799
0 0.237283 0.402340 0.108329 0.204426
0 0.419429 0.410294 0.111463 0.183830
0 0.949608 0.338602 0.070619 0.088102
0 0.332231 0.403259 0.102066 0.208990
0 0.687884 0.408147 0.094667 0.201660
0 0.511775 0.421899 0.088887 0.210876
0 0.180164 0.378724 0.091540 0.218016
0 0.612665 0.428768 0.120630 0.213061