0 0.785331 0.646450 0.098699 0.268940
0 0.881487 0.637796 0.071796 0.259652
0 0.933595 0.572783 0.043286 0.134861
0 0.977703 0.575907 0.041469 0.119477
0 0.086025 0.600736 0.115719 0.132666
0 0.204467 0.605108 0.071046 0.219077
0 0.616063 0.521837 0.023065 0.055396
0 0.546288 0.541245 0.034322 0.090838
0 0.547684 0.594468 0.078580 0.109369
0 0.127822 0.589239 0.072372 0.128716
0 0.164137 0.600318 0.047307 0.109607
0 0.508225 0.596777 0.079456 0.129572
0 0.598360 0.530769 0.024076 0.066334
0 0.147027 0.601331 0.054120 0.108349