0 0.688743 0.754198 0.077428 0.174159
0 0.085576 0.739913 0.135607 0.201097
0 0.490421 0.737309 0.062491 0.166370
0 0.800190 0.748739 0.068541 0.184216
0 0.435538 0.744961 0.060633 0.164993
0 0.980898 0.733196 0.035080 0.155778
0 0.581035 0.743308 0.048021 0.108054
0 0.542897 0.731600 0.042444 0.122836
0 0.365168 0.730343 0.042739 0.171412
0 0.283162 0.700157 0.040563 0.115174
0 0.411615 0.671786 0.025788 0.068857
0 0.340095 0.727516 0.040964 0.169606
0 0.111634 0.663611 0.038440 0.067998
0 0.590489 0.674473 0.027232 0.055848