0 0.376628 0.606902 0.089755 0.234029
0 0.167523 0.584522 0.074787 0.220425
0 0.610668 0.605827 0.066897 0.213468
0 0.864183 0.613697 0.102262 0.220058
0 0.320205 0.575773 0.075379 0.228572
0 0.429518 0.592630 0.069082 0.215212
0 0.673492 0.591754 0.059485 0.211511
0 0.242780 0.580959 0.064266 0.198482
0 0.036476 0.587037 0.064727 0.192544
0 0.975558 0.580350 0.045758 0.205428
0 0.725268 0.595241 0.058258 0.193871
0 0.533144 0.606010 0.063597 0.192125
0 0.132946 0.712140 0.241086 0.176166
0 0.916271 0.594811 0.071727 0.219273
0 0.786869 0.598660 0.063563 0.199568
0 0.094957 0.569120 0.072230 0.158931
0 0.013178 0.722054 0.026161 0.151840
0 0.907748 0.488293 0.070597 0.080772
0 0.124618 0.512214 0.052166 0.080830
0 0.495358 0.563602 0.047885 0.183602