0 0.399650 0.541823 0.157115 0.266913
0 0.562683 0.560675 0.111506 0.309250
0 0.162868 0.517191 0.102804 0.274504
0 0.302322 0.539538 0.107378 0.297611
0 0.700363 0.534564 0.087900 0.243820
0 0.753946 0.534949 0.102797 0.281501
0 0.849347 0.516367 0.068966 0.158344
0 0.972589 0.516817 0.051696 0.142264
0 0.635371 0.521610 0.058740 0.165383
0 0.492251 0.516976 0.042831 0.150996
0 0.081481 0.498973 0.057948 0.142775
0 0.015075 0.506537 0.030149 0.148737
0 0.215635 0.537496 0.089114 0.239412
0 0.883534 0.505591 0.038758 0.131201
0 0.029588 0.501200 0.035668 0.146987
0 0.914935 0.511129 0.044331 0.130910
0 0.106080 0.498765 0.029229 0.122095