0 0.228607 0.760468 0.108186 0.373774
0 0.732267 0.808764 0.157710 0.351708
0 0.375554 0.692761 0.069379 0.280249
0 0.438507 0.621060 0.085904 0.160156
0 0.319175 0.714818 0.064871 0.289344
0 0.602270 0.626865 0.095685 0.159604
0 0.508303 0.605445 0.086480 0.179636
0 0.712560 0.602095 0.060391 0.157659
0 0.655335 0.598494 0.087671 0.160889
0 0.777350 0.638228 0.089750 0.229605
0 0.274187 0.710574 0.047029 0.299368
0 0.520828 0.751778 0.109740 0.265111
0 0.436372 0.789247 0.109028 0.275248
0 0.874561 0.531956 0.022077 0.053293
0 0.625959 0.724940 0.106697 0.194971