0 0.900168 0.554721 0.117074 0.263889
0 0.795326 0.558703 0.100499 0.255424
0 0.070289 0.560590 0.085777 0.251139
0 0.135814 0.569184 0.094608 0.234834
0 0.224076 0.511555 0.072017 0.143264
0 0.286241 0.514914 0.057035 0.156479
0 0.603508 0.628515 0.075948 0.118194
0 0.197843 0.612503 0.089327 0.149092
0 0.777408 0.629800 0.079128 0.116456
0 0.520863 0.619692 0.091836 0.135911
0 0.601779 0.521364 0.087554 0.187790
0 0.685605 0.629348 0.092140 0.118498
0 0.460220 0.612915 0.081723 0.147494
0 0.318277 0.617285 0.088626 0.139788
0 0.668254 0.511454 0.064530 0.174188
0 0.728903 0.511914 0.075667 0.176049