0 0.111856 0.624423 0.222999 0.408051
0 0.441446 0.601105 0.333154 0.454602
0 0.752124 0.571554 0.311600 0.513405
0 0.185607 0.404263 0.216070 0.353076
0 0.263477 0.642741 0.177027 0.375042
0 0.355111 0.403482 0.208696 0.315092
0 0.952697 0.673597 0.091481 0.308292
0 0.617951 0.300650 0.104189 0.149277
0 0.664616 0.415503 0.233385 0.370861
0 0.036211 0.470122 0.072031 0.190168
0 0.553338 0.339284 0.136344 0.216604
0 0.919191 0.533246 0.158494 0.582157
0 0.441152 0.292610 0.133732 0.191052
0 0.824644 0.363498 0.118872 0.256027