0 0.211653 0.577667 0.087806 0.199109
0 0.861193 0.586432 0.068842 0.182674
0 0.297200 0.590740 0.073206 0.209514
0 0.725448 0.569135 0.063998 0.194447
0 0.386801 0.588047 0.057994 0.188559
0 0.777893 0.583537 0.069861 0.186572
0 0.916957 0.566211 0.072049 0.195102
0 0.450338 0.574139 0.061463 0.154275
0 0.590521 0.632052 0.099128 0.208185
0 0.937668 0.435387 0.051337 0.069683
0 0.342465 0.560019 0.063633 0.186719
0 0.811259 0.538169 0.063921 0.215261
0 0.157442 0.583935 0.062933 0.186738
0 0.635265 0.592483 0.073693 0.220705
0 0.962279 0.525197 0.051221 0.165989
0 0.062818 0.518138 0.060300 0.166682
0 0.097752 0.544847 0.051121 0.168710
0 0.503141 0.554981 0.067049 0.158572
0 0.876534 0.490721 0.061556 0.077917
0 0.671011 0.574536 0.051605 0.186501
0 0.470925 0.666423 0.091199 0.149025
0 0.262776 0.561016 0.053657 0.197359