0 0.064248 0.656101 0.127877 0.368999
0 0.833173 0.683045 0.181117 0.374585
0 0.252673 0.670068 0.179274 0.400810
0 0.608482 0.545515 0.045872 0.173748
0 0.459434 0.533340 0.036847 0.147540
0 0.767050 0.501111 0.030738 0.067558
0 0.175266 0.509687 0.044201 0.096703
0 0.134877 0.513205 0.038316 0.096268
0 0.656688 0.502901 0.018370 0.060050
0 0.309571 0.507343 0.042666 0.086359
0 0.377812 0.512769 0.030597 0.095068
0 0.437938 0.512197 0.035421 0.096504
0 0.554335 0.491749 0.017857 0.051582
0 0.077659 0.507543 0.031662 0.098021
0 0.966841 0.502360 0.018687 0.043260
0 0.282477 0.502589 0.033223 0.089602
0 0.535914 0.506536 0.025844 0.082398
0 0.989421 0.503732 0.018034 0.066802
0 0.219081 0.492206 0.033347 0.068072