0 0.068978 0.759100 0.047725 0.159413
0 0.191723 0.761045 0.065898 0.180916
0 0.628966 0.781178 0.050486 0.182691
0 0.559913 0.780492 0.046184 0.178485
0 0.026802 0.745463 0.050604 0.137536
0 0.495179 0.767625 0.052941 0.185615
0 0.825079 0.769067 0.047674 0.183443
0 0.688732 0.780042 0.051145 0.185050
0 0.139011 0.759811 0.053018 0.164522
0 0.428545 0.774840 0.053125 0.167072
0 0.112054 0.751985 0.047136 0.151582
0 0.851660 0.777833 0.044431 0.183338
0 0.756082 0.781390 0.061120 0.182183
0 0.880419 0.759522 0.046213 0.145265
0 0.010767 0.752947 0.021534 0.137435
0 0.397238 0.759494 0.037264 0.148543
0 0.721390 0.772788 0.034945 0.182032