0 0.909523 0.563688 0.076036 0.114481
0 0.083210 0.504135 0.038299 0.129096
0 0.458544 0.732768 0.186021 0.218098
0 0.555443 0.730234 0.212638 0.269691
0 0.223017 0.491904 0.050074 0.092057
0 0.305860 0.528371 0.049549 0.129436
0 0.357205 0.487935 0.037286 0.077507
0 0.886661 0.785489 0.195942 0.173705
0 0.450271 0.530278 0.041902 0.082093
0 0.819129 0.673839 0.130178 0.159037
0 0.648242 0.571337 0.046528 0.081240
0 0.623329 0.622417 0.060000 0.105033
0 0.746787 0.518833 0.047703 0.093298
0 0.195210 0.494229 0.025490 0.102079