0 0.038853 0.619090 0.045884 0.138475
0 0.197990 0.630574 0.063930 0.149840
0 0.108257 0.622328 0.047011 0.126781
0 0.899340 0.647587 0.028194 0.069291
0 0.367683 0.630406 0.049695 0.134761
0 0.393772 0.632748 0.025856 0.119275
0 0.915846 0.636980 0.015353 0.041388
0 0.283346 0.629955 0.038930 0.140628
0 0.321176 0.628738 0.035801 0.130835
0 0.423390 0.632448 0.030352 0.107153
0 0.346637 0.632125 0.035666 0.128323
0 0.450949 0.632236 0.025849 0.108164
0 0.251737 0.645563 0.036589 0.100144
0 0.567444 0.583996 0.020358 0.035224
0 0.241012 0.586819 0.035264 0.069457