0 0.653444 0.632277 0.149836 0.266065
0 0.074617 0.455336 0.098300 0.286256
0 0.851701 0.605384 0.141121 0.260710
0 0.214802 0.530565 0.098843 0.161450
0 0.312381 0.509149 0.079170 0.110662
0 0.428390 0.581887 0.109610 0.202750
0 0.211706 0.433003 0.105332 0.201331
0 0.741760 0.584681 0.102593 0.258825
0 0.298595 0.431045 0.080549 0.251547
0 0.132980 0.444928 0.067912 0.213962
0 0.592756 0.391101 0.068100 0.099241
0 0.924598 0.390351 0.109454 0.140211
0 0.362662 0.441130 0.099663 0.238616
0 0.448024 0.397346 0.078071 0.104342
0 0.787168 0.498438 0.093617 0.307062
0 0.112204 0.335477 0.049618 0.095335
0 0.644009 0.520541 0.100971 0.190577