0 0.754494 0.640529 0.125329 0.366142
0 0.545329 0.577438 0.107423 0.291032
0 0.204443 0.664729 0.138300 0.326692
0 0.845960 0.616648 0.101325 0.292965
0 0.259344 0.491781 0.093869 0.223993
0 0.414182 0.654025 0.186899 0.345764
0 0.640657 0.497434 0.091911 0.166541
0 0.366628 0.488178 0.066462 0.216996
0 0.921042 0.327189 0.027362 0.059074
0 0.148818 0.526805 0.092432 0.107859
0 0.203098 0.434014 0.051108 0.165633
0 0.265116 0.368345 0.052113 0.080774
0 0.042682 0.691429 0.084990 0.264244
0 0.476445 0.446340 0.049651 0.125719