0 0.052710 0.594986 0.103529 0.342628
0 0.945216 0.596842 0.106442 0.253605
0 0.325992 0.587559 0.092487 0.338351
0 0.140559 0.587538 0.116291 0.348239
0 0.229447 0.591818 0.115820 0.341270
0 0.517518 0.578523 0.085560 0.290637
0 0.859981 0.586285 0.078895 0.252500
0 0.736412 0.579883 0.073940 0.241082
0 0.405501 0.593751 0.083542 0.306008
0 0.580297 0.575211 0.075971 0.281730
0 0.797711 0.580645 0.055755 0.250885
0 0.448481 0.578789 0.065008 0.293427
0 0.681708 0.569858 0.070574 0.266376
0 0.624336 0.573160 0.065033 0.278560