0 0.147055 0.487807 0.293704 0.269889
0 0.931890 0.405269 0.133095 0.383475
0 0.695218 0.467633 0.089938 0.298396
0 0.350356 0.414532 0.084926 0.238802
0 0.856989 0.531656 0.114361 0.380982
0 0.464200 0.445943 0.080248 0.246973
0 0.584099 0.448704 0.088665 0.295919
0 0.587793 0.255777 0.059834 0.105157
0 0.648868 0.453497 0.066245 0.286832
0 0.524930 0.446120 0.047639 0.242762
0 0.554696 0.446628 0.038145 0.283532
0 0.801091 0.298875 0.079634 0.088822
0 0.772837 0.480789 0.123984 0.339780
0 0.617743 0.302664 0.093151 0.117292