0 0.905713 0.536348 0.107602 0.368601
0 0.781816 0.530040 0.102930 0.363916
0 0.233236 0.605872 0.166296 0.363580
0 0.663659 0.608513 0.124867 0.326074
0 0.111668 0.536560 0.132023 0.406154
0 0.543916 0.612890 0.128409 0.324955
0 0.360348 0.436082 0.124552 0.201953
0 0.338225 0.618601 0.119744 0.299117
0 0.698441 0.462298 0.090911 0.251873
0 0.442702 0.612111 0.133943 0.319260
0 0.277220 0.420479 0.085749 0.158549
0 0.851792 0.516161 0.070700 0.373525
0 0.624247 0.443028 0.074643 0.191776
0 0.475114 0.417760 0.113505 0.194213
0 0.195824 0.424372 0.088736 0.192216
0 0.752316 0.354143 0.060499 0.119119
0 0.559289 0.433172 0.067879 0.148053
0 0.662309 0.358597 0.049940 0.091321