0 0.933252 0.690738 0.130372 0.238300
0 0.788983 0.688915 0.171744 0.227425
0 0.068569 0.445642 0.135931 0.203904
0 0.866938 0.527699 0.110542 0.336661
0 0.642669 0.680398 0.157951 0.211310
0 0.444413 0.564060 0.112843 0.161466
0 0.777933 0.476675 0.085987 0.242252
0 0.507562 0.699537 0.200990 0.206226
0 0.548737 0.585319 0.103882 0.183045
0 0.712488 0.490282 0.095784 0.210517
0 0.732344 0.621643 0.090894 0.172501
0 0.645530 0.455107 0.087811 0.209331
0 0.150538 0.559252 0.151868 0.229150
0 0.620826 0.322543 0.089870 0.167677
0 0.316740 0.642544 0.176697 0.279412