0 0.059040 0.639628 0.118077 0.265645
0 0.865572 0.580062 0.265731 0.457800
0 0.146344 0.633808 0.124879 0.248881
0 0.355889 0.638649 0.105452 0.246935
0 0.462530 0.641475 0.127474 0.258838
0 0.587336 0.632722 0.134243 0.234915
0 0.255055 0.641615 0.124076 0.268793
0 0.736548 0.630302 0.099824 0.244947
0 0.707688 0.398575 0.091824 0.206178
0 0.319709 0.395250 0.102890 0.234010
0 0.961808 0.345539 0.069038 0.091872
0 0.488338 0.414619 0.098944 0.257460
0 0.212874 0.502760 0.090907 0.146249
0 0.546008 0.517903 0.089096 0.144602
0 0.807279 0.391609 0.096995 0.163305
0 0.607592 0.403110 0.077714 0.182658