0 0.892424 0.767226 0.212026 0.455149
0 0.739283 0.718027 0.155326 0.535258
0 0.581188 0.714814 0.174523 0.474329
0 0.193043 0.758260 0.137546 0.479439
0 0.426992 0.733076 0.202294 0.512923
0 0.023277 0.907883 0.045939 0.181109
0 0.103469 0.686666 0.099043 0.391294
0 0.040308 0.678902 0.079931 0.418112
0 0.895902 0.552669 0.116565 0.145345
0 0.312794 0.727422 0.090796 0.381556
0 0.965636 0.712851 0.065603 0.416295
0 0.619722 0.540664 0.093864 0.151470
0 0.085383 0.515348 0.078297 0.097721
0 0.501330 0.684690 0.074733 0.355210
0 0.624280 0.660996 0.095010 0.392694
0 0.791152 0.568550 0.080772 0.162238