0 0.209382 0.711976 0.202508 0.317862
0 0.086141 0.689316 0.143830 0.301162
0 0.908761 0.784350 0.179353 0.177447
0 0.771089 0.756954 0.140841 0.232915
0 0.225617 0.515958 0.124889 0.255232
0 0.621437 0.749727 0.227325 0.246119
0 0.327930 0.519283 0.141910 0.237514
0 0.470509 0.744831 0.238859 0.257024
0 0.357288 0.730000 0.209783 0.284316
0 0.635104 0.565884 0.116033 0.290915
0 0.740164 0.580441 0.141673 0.312369
0 0.864039 0.570503 0.167886 0.299437
0 0.520560 0.571688 0.132177 0.258688
0 0.448622 0.538658 0.112987 0.285584