0 0.698097 0.714029 0.075156 0.197149
0 0.548730 0.712664 0.077201 0.197985
0 0.956361 0.714540 0.064436 0.193150
0 0.150046 0.718664 0.069153 0.188858
0 0.226349 0.710468 0.065665 0.206122
0 0.824200 0.717330 0.083372 0.189424
0 0.404622 0.706725 0.069689 0.211281
0 0.080313 0.711660 0.070365 0.194433
0 0.881635 0.743400 0.051538 0.139458
0 0.493074 0.715948 0.052252 0.192541
0 0.301078 0.713218 0.076463 0.197223
0 0.187669 0.719951 0.044185 0.187332
0 0.015269 0.742265 0.030367 0.122946
0 0.840699 0.643132 0.052963 0.089488