0 0.131189 0.569126 0.146852 0.424864
0 0.916198 0.565132 0.136382 0.463878
0 0.305481 0.556269 0.104102 0.358416
0 0.696148 0.575533 0.130724 0.407426
0 0.814808 0.584330 0.134246 0.457982
0 0.549950 0.510554 0.105436 0.399044
0 0.463636 0.532567 0.089178 0.356312
0 0.377269 0.529989 0.090688 0.370263
0 0.216771 0.555621 0.100345 0.368642
0 0.328112 0.357768 0.074628 0.106134
0 0.613315 0.529202 0.083855 0.364143
0 0.267572 0.380058 0.058159 0.116863
0 0.741061 0.386174 0.052368 0.117104
0 0.836946 0.371192 0.061956 0.104281
0 0.657764 0.541928 0.062931 0.373887