0 0.934436 0.802481 0.128004 0.140637
0 0.585647 0.806624 0.065161 0.135733
0 0.024868 0.801289 0.049314 0.145670
0 0.098950 0.809428 0.097648 0.129963
0 0.310895 0.798079 0.057047 0.137276
0 0.400154 0.807174 0.057124 0.135257
0 0.183323 0.812559 0.085090 0.123332
0 0.781089 0.802850 0.057431 0.141808
0 0.536773 0.799306 0.044399 0.150580
0 0.857384 0.800349 0.068481 0.147059
0 0.451613 0.786545 0.042288 0.101256
0 0.632898 0.807350 0.051689 0.133297
0 0.263854 0.796155 0.038883 0.127490
0 0.382742 0.790193 0.025829 0.123943