0 0.044190 0.674602 0.087945 0.310263
0 0.424551 0.687287 0.117145 0.280871
0 0.264379 0.683252 0.104108 0.291742
0 0.344621 0.650483 0.069296 0.199481
0 0.860069 0.673678 0.109076 0.312522
0 0.972421 0.672177 0.052033 0.311691
0 0.774076 0.683405 0.082974 0.292929
0 0.514196 0.655787 0.058845 0.166000
0 0.705307 0.657908 0.069066 0.229862
0 0.646705 0.669688 0.076922 0.261590
0 0.929699 0.669508 0.102606 0.296784
0 0.593491 0.678939 0.057965 0.230519
0 0.559818 0.656291 0.036401 0.154505
0 0.140345 0.616272 0.040151 0.062613