0 0.061350 0.641945 0.122368 0.457115
0 0.821904 0.649551 0.178796 0.442195
0 0.175618 0.643666 0.146412 0.454559
0 0.671655 0.654388 0.172638 0.432809
0 0.274252 0.650545 0.108604 0.436657
0 0.579776 0.690564 0.214455 0.359079
0 0.431196 0.733159 0.119093 0.276328
0 0.364411 0.646786 0.129523 0.407600
0 0.628730 0.523417 0.107099 0.204666
0 0.566826 0.449634 0.072477 0.133887
0 0.511738 0.536889 0.170851 0.207893
0 0.757316 0.491130 0.057409 0.108723
0 0.671562 0.438342 0.050599 0.076369
0 0.470347 0.448337 0.124883 0.213885
0 0.281655 0.457402 0.094182 0.127641
0 0.377432 0.467476 0.105739 0.174081