0 0.489735 0.671973 0.252254 0.312943
0 0.251973 0.656788 0.256579 0.341409
0 0.709181 0.662684 0.232266 0.320544
0 0.615084 0.575441 0.122186 0.163503
0 0.126923 0.581804 0.150090 0.237312
0 0.810838 0.582410 0.102020 0.196342
0 0.418446 0.591485 0.091046 0.192524
0 0.935277 0.780509 0.126321 0.101295
0 0.867719 0.441979 0.051876 0.086412
0 0.910804 0.449369 0.051295 0.075805
0 0.973422 0.514595 0.050031 0.090291
0 0.551309 0.528817 0.069921 0.129153
0 0.877854 0.552046 0.086614 0.140833
0 0.345529 0.518232 0.076651 0.108372
0 0.229516 0.541197 0.046725 0.136637
0 0.505974 0.441719 0.063610 0.070909