0 0.678248 0.653983 0.126947 0.332907
0 0.902688 0.670254 0.111756 0.298510
0 0.966717 0.707998 0.063441 0.221795
0 0.329571 0.514638 0.059278 0.128076
0 0.148318 0.522383 0.066707 0.157605
0 0.609314 0.624012 0.080904 0.280956
0 0.529417 0.657284 0.092381 0.272096
0 0.779361 0.614532 0.065718 0.226022
0 0.835505 0.664486 0.084847 0.292302
0 0.081526 0.526055 0.045259 0.150351
0 0.105077 0.521957 0.034012 0.140404
0 0.785377 0.511839 0.064486 0.075890
0 0.963199 0.591837 0.070203 0.126864
0 0.495462 0.559725 0.059088 0.176406