0 0.042489 0.580409 0.081818 0.289112
0 0.924727 0.551484 0.068922 0.248340
0 0.122466 0.564476 0.083254 0.231048
0 0.297801 0.532159 0.041830 0.136789
0 0.203160 0.553188 0.046444 0.194606
0 0.246487 0.542725 0.054547 0.179828
0 0.855554 0.541337 0.065417 0.213717
0 0.785218 0.538319 0.047600 0.145687
0 0.979925 0.580274 0.037025 0.270321
0 0.327900 0.541529 0.032837 0.113242
0 0.739016 0.529820 0.033936 0.116579
0 0.359657 0.526279 0.027334 0.098347
0 0.381000 0.521659 0.024001 0.087415
0 0.639055 0.512246 0.019478 0.063857
0 0.703057 0.525582 0.025947 0.094978
0 0.689799 0.520831 0.022486 0.090872
0 0.719397 0.527851 0.023178 0.101378
0 0.672799 0.518460 0.018826 0.080066