0 0.895834 0.604124 0.158684 0.509533
0 0.488819 0.804598 0.078858 0.126150
0 0.099563 0.597668 0.154142 0.542958
0 0.738359 0.435402 0.162109 0.192868
0 0.599855 0.626512 0.130318 0.469552
0 0.958744 0.594091 0.079387 0.500582
0 0.483319 0.453243 0.114895 0.139634
0 0.362533 0.453272 0.127135 0.142517
0 0.232200 0.622968 0.143058 0.480335
0 0.808626 0.394769 0.092914 0.180495
0 0.597457 0.458268 0.128017 0.134255
0 0.438549 0.355886 0.145328 0.133220
0 0.538953 0.405215 0.066995 0.152174
0 0.483610 0.624502 0.115837 0.479767
0 0.645079 0.408801 0.078808 0.164935
0 0.738311 0.598784 0.160308 0.517944
0 0.030599 0.596469 0.060520 0.539006
0 0.234302 0.454709 0.140471 0.147394
0 0.422401 0.426863 0.078066 0.149892
0 0.363383 0.618010 0.123611 0.477138
0 0.614473 0.802731 0.100498 0.120461
0 0.366483 0.801720 0.084657 0.115731
0 0.059447 0.350621 0.062523 0.109637