0 0.870024 0.505414 0.065791 0.218633
0 0.826292 0.517676 0.067837 0.204065
0 0.230384 0.520763 0.056667 0.178892
0 0.769302 0.519229 0.053708 0.188874
0 0.717916 0.514574 0.053366 0.191699
0 0.366519 0.518349 0.044175 0.162834
0 0.119463 0.520099 0.050600 0.174850
0 0.664087 0.518523 0.053311 0.187137
0 0.280562 0.519748 0.051695 0.159684
0 0.169280 0.521130 0.056004 0.174962
0 0.539096 0.517855 0.055304 0.170528
0 0.589734 0.517070 0.051661 0.178096
0 0.330355 0.511709 0.061385 0.171182
0 0.491795 0.513551 0.051486 0.172100
0 0.069299 0.520027 0.039607 0.155981
0 0.406872 0.511125 0.048351 0.168927
0 0.448630 0.514071 0.045078 0.169541