0 0.838690 0.615933 0.139477 0.271347
0 0.083365 0.533017 0.127220 0.386394
0 0.940047 0.535912 0.083911 0.381712
0 0.536301 0.589447 0.096183 0.211686
0 0.752178 0.620699 0.110956 0.214283
0 0.674436 0.605962 0.107423 0.213659
0 0.378652 0.586800 0.099510 0.216786
0 0.183429 0.470512 0.109159 0.182697
0 0.615298 0.588024 0.073914 0.181300
0 0.305158 0.598387 0.111310 0.225813
0 0.883823 0.469525 0.064975 0.215287
0 0.642900 0.467992 0.077352 0.163167
0 0.269217 0.503925 0.087970 0.217797
0 0.759035 0.464998 0.068948 0.163069
0 0.709179 0.475635 0.059032 0.160918
0 0.205990 0.608419 0.108462 0.234241
0 0.138886 0.617957 0.141294 0.245646
0 0.568576 0.464723 0.075454 0.145411
0 0.368748 0.458241 0.079514 0.124330
0 0.815358 0.479089 0.103544 0.172793
0 0.460090 0.599925 0.090170 0.194236