0 0.778605 0.543299 0.069766 0.205831
0 0.159621 0.544588 0.063054 0.243764
0 0.717236 0.532179 0.070933 0.231858
0 0.574549 0.538627 0.066110 0.221892
0 0.667105 0.526969 0.053405 0.224091
0 0.204797 0.554566 0.055809 0.237421
0 0.492403 0.543565 0.055546 0.203670
0 0.439049 0.530499 0.054385 0.220425
0 0.236391 0.544606 0.043289 0.235091
0 0.618936 0.525970 0.052650 0.225456
0 0.279405 0.543083 0.055084 0.226066
0 0.358782 0.534150 0.060980 0.225793
0 0.530104 0.520828 0.050741 0.221631
0 0.321703 0.541386 0.047800 0.219890