0 0.127632 0.487492 0.099930 0.303762
0 0.772583 0.541204 0.130366 0.379168
0 0.669613 0.548146 0.129685 0.330540
0 0.238598 0.493381 0.096891 0.281653
0 0.608861 0.525809 0.096667 0.309517
0 0.698011 0.383235 0.098023 0.119118
0 0.542707 0.510158 0.085978 0.295132
0 0.314577 0.553347 0.101477 0.207245
0 0.474162 0.584378 0.114484 0.205088
0 0.466110 0.470922 0.076367 0.212468
0 0.192480 0.481651 0.056985 0.272517
0 0.398270 0.574387 0.096169 0.174666
0 0.308613 0.434693 0.065421 0.139936
0 0.380136 0.444026 0.070364 0.150115