0 0.085913 0.556792 0.125483 0.303835
0 0.753908 0.549779 0.088118 0.211011
0 0.238786 0.552089 0.089699 0.249461
0 0.313501 0.566849 0.093503 0.283848
0 0.686217 0.540329 0.059072 0.177670
0 0.934596 0.574210 0.093501 0.267123
0 0.594831 0.542729 0.074764 0.227702
0 0.442845 0.530611 0.047812 0.166254
0 0.499560 0.548750 0.072495 0.212147
0 0.403011 0.534009 0.043542 0.180782
0 0.366242 0.542707 0.052464 0.192951
0 0.538402 0.537226 0.045769 0.190226
0 0.011771 0.470189 0.023204 0.064709
0 0.987025 0.485829 0.022825 0.057143