0 0.167658 0.603902 0.108432 0.202674
0 0.251279 0.606602 0.055355 0.195940
0 0.692933 0.603861 0.073561 0.171091
0 0.490393 0.602885 0.082384 0.178267
0 0.964318 0.656909 0.068238 0.095248
0 0.610364 0.601838 0.071497 0.177826
0 0.091387 0.596148 0.073375 0.187720
0 0.946021 0.520776 0.036610 0.087250
0 0.807925 0.555888 0.049015 0.150014
0 0.752698 0.569903 0.065729 0.161747
0 0.890737 0.529679 0.042146 0.094256
0 0.354329 0.596232 0.064725 0.178184
0 0.035207 0.516647 0.022214 0.071324
0 0.915837 0.523426 0.023584 0.090521
0 0.845056 0.531507 0.040814 0.103455
0 0.639795 0.503454 0.033658 0.071949
0 0.298446 0.498110 0.021981 0.058360