0 0.853961 0.638923 0.121056 0.317935
0 0.528890 0.611705 0.135153 0.308742
0 0.638046 0.609607 0.159274 0.332115
0 0.159155 0.625177 0.115664 0.267089
0 0.783713 0.451924 0.115538 0.209908
0 0.432395 0.608153 0.120925 0.301237
0 0.752400 0.632561 0.115156 0.299517
0 0.336707 0.627677 0.100224 0.296633
0 0.120717 0.491362 0.105001 0.213649
0 0.256171 0.622646 0.094457 0.262697
0 0.698035 0.460636 0.095008 0.211004
0 0.221483 0.466018 0.088181 0.218799
0 0.299750 0.475267 0.090532 0.206151
0 0.459410 0.444616 0.076238 0.116140