0 0.728634 0.550524 0.163283 0.544952
0 0.354346 0.573044 0.136872 0.442041
0 0.135124 0.590002 0.226605 0.487202
0 0.901585 0.469805 0.054700 0.188887
0 0.282448 0.466681 0.069164 0.190010
0 0.516337 0.446434 0.063413 0.158278
0 0.859031 0.452915 0.043983 0.124959
0 0.967843 0.434259 0.035736 0.100348
0 0.183621 0.430879 0.039146 0.107416
0 0.805880 0.457599 0.060067 0.192182
0 0.423024 0.475411 0.049636 0.195569
0 0.227058 0.441680 0.035638 0.106969
0 0.049647 0.458103 0.068123 0.295119
0 0.550592 0.435280 0.039394 0.110484
0 0.644160 0.451024 0.063363 0.259843