0 0.089974 0.621100 0.139759 0.255134
0 0.790585 0.584410 0.103273 0.265406
0 0.703257 0.575643 0.087280 0.255357
0 0.947055 0.529087 0.084956 0.324534
0 0.055364 0.455954 0.109789 0.264314
0 0.246414 0.588450 0.107436 0.252623
0 0.624780 0.570469 0.094305 0.268063
0 0.886519 0.606396 0.118453 0.290970
0 0.340259 0.564501 0.122523 0.275057
0 0.183598 0.608325 0.133694 0.228678
0 0.135626 0.445370 0.081209 0.195578
0 0.758633 0.426110 0.069025 0.174213
0 0.472107 0.562737 0.077025 0.251996
0 0.693649 0.419301 0.093483 0.157055
0 0.202592 0.429930 0.075201 0.176575
0 0.821217 0.432167 0.082437 0.165873
0 0.545901 0.562408 0.108607 0.250947
0 0.259507 0.420843 0.062545 0.142125
0 0.402305 0.561582 0.087373 0.243182
0 0.632631 0.424523 0.060713 0.120827
0 0.317970 0.410421 0.070155 0.146266
0 0.880594 0.440064 0.076963 0.144893
0 0.373030 0.421538 0.059742 0.154645
0 0.428688 0.425752 0.065015 0.144845
0 0.576904 0.420558 0.066265 0.151378