0 0.398422 0.588330 0.180363 0.557934
0 0.576419 0.586111 0.187173 0.568524
0 0.841077 0.597121 0.134127 0.541562
0 0.221785 0.585609 0.171669 0.559309
0 0.163542 0.461583 0.149949 0.582936
0 0.688945 0.568837 0.112364 0.502501
0 0.749062 0.565455 0.098208 0.499621
0 0.747671 0.322316 0.132335 0.180300
0 0.370689 0.283219 0.097168 0.163557
0 0.625870 0.315414 0.097114 0.163631
0 0.521915 0.301097 0.102674 0.182867
0 0.476700 0.355109 0.114314 0.226811
0 0.322445 0.524455 0.111578 0.514845
0 0.322788 0.365398 0.111265 0.195721