0 0.078792 0.460967 0.156522 0.611126
0 0.390793 0.642568 0.162984 0.449056
0 0.752492 0.387920 0.051578 0.146586
0 0.725908 0.537667 0.080435 0.134662
0 0.334215 0.422930 0.096794 0.236257
0 0.949497 0.671489 0.097881 0.368678
0 0.228692 0.430060 0.102892 0.205305
0 0.448478 0.367740 0.036194 0.082506
0 0.227268 0.639229 0.223714 0.374148
0 0.797806 0.600671 0.198172 0.294121
0 0.618852 0.360271 0.055756 0.084244
0 0.797963 0.382583 0.041555 0.124036
0 0.869674 0.358232 0.036201 0.075414
0 0.904561 0.462472 0.062886 0.109068
0 0.485652 0.412139 0.060603 0.151531
0 0.951137 0.484685 0.094601 0.118651
0 0.563761 0.406029 0.037336 0.101933