0 0.628601 0.566778 0.217234 0.521607
0 0.789574 0.554722 0.302317 0.546230
0 0.193149 0.579740 0.161442 0.301548
0 0.104160 0.500060 0.082606 0.157685
0 0.034399 0.507729 0.068412 0.150114
0 0.504493 0.575432 0.115590 0.499149
0 0.417846 0.573096 0.112761 0.464019
0 0.277412 0.438327 0.080851 0.229187
0 0.365153 0.540175 0.097136 0.435327
0 0.314933 0.521637 0.097508 0.411098
0 0.564434 0.540918 0.112243 0.542681
0 0.756886 0.361547 0.127806 0.263860
0 0.869888 0.391160 0.103102 0.231658
0 0.041983 0.472802 0.055171 0.094580
0 0.147327 0.503684 0.074718 0.152193