0 0.208120 0.589638 0.066997 0.198896
0 0.878107 0.568944 0.066966 0.197282
0 0.334641 0.592775 0.053042 0.198554
0 0.816706 0.586447 0.075135 0.209616
0 0.274717 0.589489 0.063098 0.195151
0 0.765444 0.591850 0.060066 0.206219
0 0.385214 0.596608 0.056600 0.203974
0 0.445912 0.604363 0.056420 0.186720
0 0.496222 0.601294 0.053892 0.193322
0 0.705025 0.585587 0.068979 0.208111
0 0.131526 0.581619 0.069319 0.213139
0 0.554825 0.603105 0.078409 0.186204
0 0.668239 0.577641 0.060137 0.212076
0 0.617888 0.629202 0.063144 0.131849
0 0.152798 0.587043 0.057782 0.206988