0 0.475907 0.555523 0.122205 0.305606
0 0.290949 0.533039 0.166231 0.306012
0 0.100861 0.522985 0.101315 0.311415
0 0.856282 0.502508 0.148280 0.293005
0 0.423172 0.401984 0.067185 0.094074
0 0.932308 0.470026 0.083790 0.254433
0 0.733317 0.530761 0.094199 0.252047
0 0.505906 0.419839 0.052356 0.061359
0 0.643280 0.488381 0.066244 0.255596
0 0.680506 0.499871 0.052192 0.249118
0 0.314904 0.404424 0.092558 0.095728
0 0.568492 0.467989 0.080268 0.170400
0 0.803918 0.428422 0.082607 0.112641
0 0.169866 0.424579 0.077783 0.122729
0 0.596074 0.414143 0.038394 0.087436
0 0.972482 0.483086 0.051910 0.186641
0 0.597098 0.477651 0.041430 0.215622