0 0.094835 0.546919 0.170791 0.385727
0 0.861320 0.701533 0.218456 0.244006
0 0.804563 0.534388 0.147377 0.425071
0 0.273280 0.672978 0.141257 0.280730
0 0.410813 0.676232 0.128085 0.294616
0 0.540988 0.690696 0.106595 0.263507
0 0.665669 0.688878 0.142829 0.238926
0 0.259194 0.480316 0.122271 0.263883
0 0.666193 0.472712 0.128438 0.289872
0 0.374286 0.502084 0.121817 0.260722
0 0.564767 0.486765 0.112781 0.276142
0 0.198490 0.402484 0.091115 0.339561
0 0.460436 0.527818 0.101025 0.348638
0 0.132156 0.385379 0.082264 0.300004
0 0.592914 0.318295 0.113367 0.211307
0 0.857178 0.416249 0.099637 0.353544
0 0.357444 0.341434 0.090069 0.234749
0 0.275370 0.326770 0.092244 0.193736
0 0.986607 0.611334 0.023660 0.214435
0 0.445504 0.322815 0.095425 0.235569