0 0.345496 0.551387 0.179572 0.510248
0 0.218501 0.531007 0.142570 0.371416
0 0.542529 0.569328 0.171754 0.465708
0 0.668115 0.527878 0.133912 0.389571
0 0.880117 0.518963 0.130123 0.382548
0 0.107468 0.483802 0.085386 0.285831
0 0.723803 0.476822 0.105071 0.345732
0 0.810616 0.496695 0.089143 0.326611
0 0.023788 0.477713 0.047408 0.278592
0 0.453696 0.491518 0.073231 0.277819
0 0.485617 0.387935 0.037438 0.046834
0 0.047492 0.481623 0.050935 0.226658
0 0.579060 0.394441 0.027411 0.026052
0 0.165234 0.453755 0.044625 0.171282