0 0.755825 0.635037 0.157779 0.322691
0 0.885978 0.644420 0.146459 0.307231
0 0.356019 0.625745 0.107533 0.291608
0 0.557194 0.625083 0.105177 0.255402
0 0.672417 0.594627 0.081357 0.231020
0 0.205849 0.551163 0.054314 0.142412
0 0.155806 0.548134 0.046667 0.135031
0 0.491584 0.569896 0.082913 0.234411
0 0.031863 0.540508 0.039387 0.100473
0 0.113043 0.548124 0.035718 0.105876
0 0.064432 0.540133 0.030939 0.097910
0 0.268398 0.539087 0.035088 0.112071
0 0.434261 0.623654 0.070699 0.254177
0 0.974063 0.538532 0.048749 0.195229
0 0.397242 0.515034 0.034581 0.053076