0 0.347488 0.661147 0.136607 0.337413
0 0.147163 0.566334 0.123416 0.364926
0 0.073348 0.705763 0.146125 0.304557
0 0.206112 0.689504 0.129173 0.288330
0 0.045170 0.516088 0.090074 0.237640
0 0.886677 0.579834 0.093219 0.182103
0 0.462614 0.658545 0.115631 0.241118
0 0.614805 0.620151 0.104198 0.220396
0 0.785746 0.586739 0.098053 0.179799
0 0.303085 0.501961 0.092588 0.196518
0 0.411706 0.521067 0.098923 0.213423
0 0.500071 0.544953 0.076599 0.302984
0 0.721784 0.520082 0.071445 0.216897
0 0.940436 0.510574 0.068696 0.237986
0 0.653068 0.483131 0.074173 0.134955
0 0.548008 0.534260 0.063867 0.282940
0 0.882826 0.473791 0.068853 0.120664
0 0.241435 0.527504 0.087019 0.207969