0 0.101821 0.583825 0.074878 0.194852
0 0.225536 0.578532 0.085127 0.201512
0 0.166792 0.583645 0.060475 0.194063
0 0.834365 0.509640 0.052721 0.131333
0 0.779954 0.521643 0.050806 0.134982
0 0.978012 0.504781 0.036586 0.084901
0 0.282492 0.582423 0.061167 0.179776
0 0.697393 0.543231 0.049399 0.106783
0 0.658097 0.557116 0.055845 0.103376
0 0.319127 0.567404 0.050435 0.181092
0 0.516032 0.550715 0.044848 0.139784
0 0.436113 0.556979 0.044008 0.160341
0 0.612761 0.569765 0.043583 0.095085
0 0.728359 0.525771 0.032425 0.105621