0 0.880407 0.602550 0.229253 0.394233
0 0.697860 0.571598 0.107045 0.303549
0 0.363901 0.535332 0.079416 0.257097
0 0.573492 0.556305 0.080510 0.243503
0 0.447183 0.519597 0.071846 0.210437
0 0.778876 0.556866 0.081925 0.274556
0 0.950398 0.600552 0.096080 0.395045
0 0.236324 0.484097 0.041868 0.136433
0 0.296069 0.486975 0.043243 0.130961
0 0.631406 0.526782 0.070731 0.194888
0 0.168781 0.455048 0.037108 0.103233
0 0.264169 0.469847 0.028894 0.123970
0 0.509981 0.521227 0.059109 0.198558
0 0.539822 0.523047 0.048018 0.202536
0 0.102203 0.441493 0.029603 0.093167
0 0.122453 0.441656 0.026689 0.088916