0 0.899286 0.599051 0.198303 0.414413
0 0.657538 0.664495 0.370664 0.291861
0 0.381880 0.603273 0.204455 0.292281
0 0.110286 0.507468 0.217994 0.346088
0 0.470872 0.525272 0.124489 0.252433
0 0.764856 0.593437 0.178114 0.417874
0 0.701800 0.479207 0.062357 0.078973
0 0.320586 0.748828 0.365619 0.120951
0 0.627421 0.547671 0.126500 0.176075
0 0.113057 0.699241 0.225607 0.215931
0 0.299977 0.398037 0.073942 0.088142
0 0.202990 0.605828 0.178854 0.182830
0 0.904547 0.746323 0.187781 0.126558
0 0.320831 0.457318 0.080646 0.110601
0 0.656826 0.636390 0.176507 0.355673