0 0.855078 0.672533 0.164674 0.317063
0 0.287696 0.588573 0.121509 0.310237
0 0.410438 0.637059 0.127743 0.396049
0 0.568017 0.643473 0.137187 0.380956
0 0.141630 0.610550 0.122786 0.443015
0 0.806729 0.467812 0.053270 0.192495
0 0.861134 0.465840 0.080943 0.198073
0 0.493378 0.686775 0.093954 0.301514
0 0.088782 0.566202 0.122236 0.472068
0 0.018603 0.618287 0.036840 0.283056
0 0.047100 0.425068 0.090259 0.175698
0 0.921671 0.488061 0.036695 0.202446
0 0.750000 0.411153 0.044481 0.062513
0 0.385924 0.455651 0.031585 0.078919