0 0.928063 0.578153 0.140748 0.441316
0 0.492916 0.603442 0.153352 0.402554
0 0.080335 0.583103 0.160008 0.443364
0 0.814697 0.598199 0.146491 0.410654
0 0.365597 0.597114 0.151916 0.418809
0 0.708345 0.621538 0.122466 0.366619
0 0.178205 0.588463 0.110254 0.437528
0 0.265898 0.610190 0.122872 0.386207
0 0.612712 0.610629 0.106686 0.387373
0 0.846559 0.414105 0.086869 0.120724
0 0.555856 0.438492 0.080874 0.137156
0 0.436914 0.443760 0.074649 0.093322
0 0.663540 0.454595 0.063023 0.127085
0 0.300788 0.431042 0.046159 0.062777