0 0.892544 0.614021 0.211787 0.406911
0 0.712116 0.596612 0.192638 0.444817
0 0.239294 0.601977 0.174172 0.430764
0 0.548568 0.577108 0.165636 0.379439
0 0.386303 0.611231 0.186366 0.397722
0 0.816496 0.371238 0.131587 0.304177
0 0.107261 0.352121 0.169543 0.325602
0 0.111643 0.614121 0.222707 0.408582
0 0.701358 0.331997 0.136532 0.285997
0 0.275330 0.370204 0.144309 0.304973
0 0.404504 0.357748 0.136766 0.324678
0 0.505463 0.718183 0.193833 0.206262
0 0.516331 0.358614 0.130225 0.328305
0 0.611294 0.409764 0.119259 0.399507