0 0.783747 0.689360 0.099345 0.105013
0 0.369225 0.750618 0.085384 0.143525
0 0.632920 0.710700 0.117908 0.191863
0 0.906744 0.752296 0.125102 0.139879
0 0.023408 0.659930 0.046466 0.224556
0 0.911157 0.646361 0.096191 0.153267
0 0.476517 0.668588 0.048206 0.082331
0 0.111868 0.609816 0.056595 0.148550
0 0.819564 0.602429 0.024752 0.071117
0 0.370840 0.614176 0.037479 0.074788
0 0.563590 0.599164 0.050850 0.090799
0 0.740502 0.590821 0.017796 0.053799
0 0.056350 0.582600 0.029731 0.088375
0 0.711856 0.594618 0.022084 0.044602
0 0.350320 0.610353 0.033440 0.069409
0 0.840196 0.594291 0.017672 0.046807
0 0.081611 0.644608 0.025625 0.075177
0 0.435222 0.571175 0.010251 0.023906
0 0.203212 0.605764 0.037804 0.050994