0 0.180609 0.594998 0.055299 0.139468
0 0.321937 0.560592 0.038433 0.095626
0 0.485270 0.425948 0.034349 0.076727
0 0.314246 0.390001 0.025019 0.068698
0 0.477287 0.530185 0.040899 0.077770
0 0.552809 0.426478 0.021303 0.055707
0 0.583402 0.457438 0.037607 0.056612
0 0.251436 0.372935 0.025426 0.059442
0 0.416842 0.568356 0.043913 0.114404
0 0.419873 0.408173 0.020078 0.064994
0 0.533200 0.426605 0.026225 0.056205
0 0.284240 0.377971 0.027631 0.062975
0 0.513969 0.425464 0.024187 0.064233
0 0.389839 0.362485 0.019876 0.045577
0 0.342418 0.362215 0.025759 0.052116