0 0.282193 0.574302 0.180972 0.422315
0 0.878387 0.582581 0.163439 0.397838
0 0.426280 0.590544 0.135411 0.388073
0 0.092346 0.569964 0.155169 0.433840
0 0.549514 0.589034 0.131177 0.389497
0 0.750573 0.599195 0.118931 0.366393
0 0.652726 0.604673 0.108792 0.362780
0 0.800695 0.437493 0.079567 0.139760
0 0.367834 0.430174 0.073437 0.141479
0 0.035764 0.688762 0.071094 0.194929
0 0.194880 0.558636 0.150763 0.450772
0 0.616375 0.447266 0.061934 0.148527
0 0.215962 0.404363 0.127100 0.138525
0 0.720816 0.429442 0.098644 0.158930
0 0.501968 0.443344 0.068601 0.129869