0 0.125677 0.628256 0.250032 0.329941
0 0.837762 0.709650 0.242422 0.172309
0 0.229329 0.711867 0.221500 0.168890
0 0.586999 0.715014 0.263695 0.158635
0 0.734482 0.653718 0.152462 0.249702
0 0.144395 0.459873 0.169892 0.246615
0 0.872750 0.571310 0.172970 0.370343
0 0.080163 0.400293 0.158727 0.391234
0 0.853483 0.399529 0.160353 0.243068
0 0.779336 0.296224 0.250807 0.185953
0 0.244751 0.642503 0.173389 0.209293
0 0.574212 0.624776 0.180714 0.251068
0 0.453793 0.681448 0.129731 0.226535
0 0.267552 0.471371 0.105101 0.177681
0 0.359835 0.671491 0.130018 0.250179
0 0.781010 0.511451 0.336555 0.256486
0 0.656859 0.462189 0.113788 0.277378
0 0.358335 0.510046 0.125088 0.279698
0 0.292133 0.370415 0.128160 0.178804