0 0.087271 0.363273 0.093877 0.131194
0 0.025771 0.548309 0.051289 0.135735
0 0.168986 0.640479 0.074124 0.135950
0 0.259346 0.616148 0.067514 0.122347
0 0.557697 0.406198 0.066822 0.120413
0 0.607388 0.561528 0.051964 0.136557
0 0.749709 0.455194 0.074677 0.131122
0 0.318565 0.772044 0.058643 0.106557
0 0.474707 0.458529 0.095600 0.136963
0 0.608488 0.743481 0.056539 0.136734
0 0.549975 0.632492 0.066631 0.124662
0 0.887611 0.543950 0.048544 0.128537
0 0.667254 0.412836 0.036102 0.116105
0 0.718048 0.743501 0.035188 0.101898
0 0.395937 0.348323 0.065666 0.168254