0 0.666002 0.536091 0.201183 0.482720
0 0.338714 0.555427 0.130839 0.439775
0 0.204072 0.559938 0.179056 0.433628
0 0.062077 0.517639 0.123726 0.462876
0 0.834263 0.535290 0.147434 0.483221
0 0.125174 0.534879 0.112731 0.454626
0 0.930166 0.433697 0.136543 0.316119
0 0.566037 0.526704 0.136833 0.440926
0 0.620392 0.334404 0.076785 0.120762
0 0.275352 0.384755 0.069831 0.157228
0 0.445942 0.517848 0.129002 0.412292
0 0.521661 0.333399 0.067185 0.115909
0 0.404822 0.361792 0.077685 0.141784
0 0.744053 0.317710 0.086479 0.121270
0 0.755125 0.532623 0.085431 0.465805
0 0.320860 0.336574 0.064446 0.104300
0 0.431770 0.330139 0.042648 0.101729