0 0.918276 0.586875 0.160324 0.476904
0 0.725095 0.598595 0.260397 0.241741
0 0.126240 0.605103 0.169836 0.351762
0 0.514987 0.543719 0.119778 0.299746
0 0.865090 0.533087 0.040982 0.113516
0 0.167968 0.578494 0.066775 0.227586
0 0.348038 0.533302 0.025313 0.090017
0 0.208314 0.565238 0.057914 0.183968
0 0.275015 0.553178 0.040635 0.101166
0 0.807276 0.539863 0.044818 0.088243
0 0.234961 0.550439 0.037904 0.128240
0 0.899185 0.530676 0.027033 0.078020
0 0.250351 0.545787 0.024752 0.098509
0 0.668910 0.549611 0.071054 0.169555
0 0.605545 0.548659 0.081444 0.139718
0 0.840196 0.524558 0.023751 0.077499