0 0.616521 0.618724 0.129722 0.354946
0 0.908448 0.560034 0.130305 0.309498
0 0.816737 0.597587 0.138048 0.358760
0 0.964275 0.516268 0.068325 0.255567
0 0.144142 0.532999 0.117071 0.248058
0 0.022050 0.497346 0.044101 0.143633
0 0.341178 0.623781 0.205554 0.346402
0 0.262912 0.615384 0.099633 0.364915
0 0.081893 0.494478 0.052280 0.156660
0 0.498146 0.508594 0.057204 0.203616
0 0.552318 0.424090 0.045201 0.106411
0 0.580958 0.468101 0.093323 0.170436
0 0.218276 0.506390 0.074643 0.236433
0 0.296927 0.431620 0.053410 0.073321
0 0.788413 0.430233 0.046909 0.094364
0 0.439877 0.610930 0.127482 0.372578
0 0.178146 0.474971 0.049717 0.155807
0 0.714843 0.428417 0.019574 0.059707
0 0.436823 0.519138 0.136649 0.192784
0 0.435340 0.448529 0.057537 0.120958
0 0.696384 0.429780 0.017859 0.053865