0 0.227912 0.586638 0.146660 0.250562
0 0.870537 0.572974 0.077129 0.212025
0 0.381181 0.591464 0.104101 0.261045
0 0.025883 0.638279 0.051364 0.313741
0 0.697180 0.580872 0.077882 0.226473
0 0.809310 0.512298 0.044376 0.115001
0 0.756784 0.513321 0.032137 0.105823
0 0.618422 0.537412 0.078511 0.221819
0 0.934484 0.492370 0.039505 0.051459
0 0.048453 0.476714 0.032745 0.037473
0 0.310101 0.530817 0.041636 0.123572
0 0.123699 0.505078 0.035455 0.050815
0 0.541603 0.532856 0.045662 0.123232
0 0.482650 0.526023 0.031726 0.099218
0 0.435815 0.523442 0.030578 0.109639
0 0.189368 0.501959 0.046608 0.056636
0 0.460643 0.524994 0.024480 0.101528
0 0.511770 0.525026 0.038530 0.115985