0 0.210755 0.549079 0.079735 0.144338
0 0.570686 0.540287 0.048313 0.120692
0 0.019238 0.508917 0.038378 0.117809
0 0.746638 0.586611 0.065904 0.168755
0 0.856426 0.591069 0.087386 0.106246
0 0.366887 0.533649 0.046212 0.103707
0 0.645801 0.542847 0.046715 0.121209
0 0.266077 0.545362 0.043009 0.128939
0 0.415284 0.534918 0.038441 0.095759
0 0.311742 0.540769 0.035660 0.128739
0 0.108022 0.519073 0.040760 0.101116
0 0.481534 0.516116 0.019571 0.053979
0 0.846207 0.528650 0.015493 0.042760
0 0.142376 0.505892 0.032632 0.097847
0 0.517898 0.511033 0.015367 0.044332