0 0.281985 0.720201 0.053831 0.157684
0 0.843036 0.706630 0.040883 0.121646
0 0.560413 0.719170 0.045387 0.158601
0 0.717301 0.715444 0.045515 0.132347
0 0.807669 0.692341 0.034048 0.112837
0 0.381370 0.721910 0.064580 0.153111
0 0.603001 0.719711 0.038976 0.144459
0 0.491219 0.730625 0.041446 0.135831
0 0.173023 0.690974 0.044603 0.138083
0 0.241867 0.709418 0.047798 0.159103
0 0.140590 0.714134 0.039953 0.126524
0 0.654013 0.721683 0.039911 0.131944
0 0.049935 0.685083 0.032922 0.101431
0 0.780143 0.689934 0.029916 0.120723
0 0.079058 0.698679 0.045955 0.137936
0 0.678382 0.693826 0.028953 0.129342
0 0.326283 0.707297 0.046357 0.142738