0 0.348650 0.567849 0.117057 0.360592
0 0.535607 0.555820 0.099348 0.351854
0 0.093233 0.595278 0.101224 0.355693
0 0.171442 0.596585 0.089129 0.346251
0 0.707653 0.570837 0.091145 0.330466
0 0.044271 0.585000 0.088264 0.359585
0 0.870255 0.566439 0.109252 0.341579
0 0.446910 0.561893 0.088317 0.333035
0 0.960381 0.557325 0.076114 0.308939
0 0.247236 0.584777 0.086450 0.325470
0 0.619270 0.562032 0.083433 0.320489
0 0.778027 0.567130 0.081385 0.325663
0 0.813669 0.453364 0.045123 0.088135
0 0.918000 0.564120 0.071051 0.328011