0 0.171426 0.710024 0.062890 0.182206
0 0.120704 0.699629 0.051060 0.159937
0 0.333885 0.703895 0.063630 0.168856
0 0.673738 0.638706 0.040830 0.141209
0 0.280128 0.705933 0.048638 0.166480
0 0.022587 0.712375 0.045098 0.150861
0 0.708116 0.584306 0.043537 0.054009
0 0.217965 0.711433 0.052005 0.169634
0 0.984010 0.692565 0.028855 0.125992
0 0.864754 0.693229 0.030224 0.115785
0 0.429385 0.691394 0.052156 0.138388
0 0.896356 0.690603 0.038496 0.121854
0 0.078039 0.700932 0.040696 0.147363
0 0.237684 0.710952 0.044475 0.164927
0 0.952071 0.690250 0.041939 0.126954