0 0.157949 0.698183 0.169815 0.293607
0 0.381544 0.732612 0.084546 0.231060
0 0.467797 0.729779 0.096540 0.234624
0 0.975075 0.725256 0.046725 0.241627
0 0.033180 0.717952 0.066045 0.254980
0 0.544079 0.755124 0.056963 0.185641
0 0.941479 0.704324 0.053212 0.181236
0 0.568001 0.688247 0.059992 0.190161
0 0.650932 0.662681 0.034247 0.092372
0 0.507848 0.663646 0.048192 0.156170
0 0.269277 0.654929 0.026539 0.081558
0 0.413062 0.641430 0.037636 0.093653
0 0.819499 0.637997 0.020589 0.065932
0 0.670860 0.659599 0.023651 0.094482
0 0.796795 0.364840 0.225804 0.237820