0 0.600373 0.655775 0.136180 0.349020
0 0.076424 0.643165 0.098167 0.285231
0 0.939312 0.565701 0.085007 0.188267
0 0.301600 0.633727 0.085970 0.285365
0 0.754112 0.653171 0.108451 0.353838
0 0.839167 0.543196 0.049546 0.138050
0 0.564217 0.538382 0.049046 0.132040
0 0.687143 0.546103 0.046084 0.141426
0 0.888055 0.548354 0.046660 0.133073
0 0.808407 0.530031 0.026742 0.107665
0 0.156559 0.525552 0.027591 0.071665
0 0.187622 0.513441 0.021322 0.074793
0 0.024511 0.504722 0.023987 0.034514
0 0.987669 0.554976 0.021537 0.152353