0 0.146760 0.672413 0.139847 0.313216
0 0.872348 0.680342 0.177973 0.298061
0 0.046788 0.675328 0.093064 0.307957
0 0.278639 0.664657 0.131982 0.333260
0 0.573366 0.688139 0.124143 0.284875
0 0.700513 0.687278 0.139355 0.287615
0 0.398606 0.685848 0.123876 0.288679
0 0.950275 0.745142 0.096325 0.168857
0 0.485481 0.670750 0.107749 0.312887
0 0.763919 0.692147 0.081878 0.279179
0 0.086010 0.588861 0.054339 0.070577
0 0.645654 0.591059 0.061085 0.082280
0 0.347978 0.607269 0.063586 0.164073
0 0.186121 0.576469 0.048775 0.064376
0 0.346213 0.681542 0.067263 0.314174