0 0.712062 0.559232 0.077633 0.220147
0 0.186853 0.611273 0.066297 0.241859
0 0.958192 0.567216 0.068211 0.255383
0 0.048831 0.600328 0.078187 0.282401
0 0.644389 0.562437 0.063055 0.203164
0 0.459935 0.603075 0.058080 0.123630
0 0.847401 0.584194 0.070814 0.206922
0 0.584435 0.557827 0.061952 0.202279
0 0.118933 0.604086 0.068424 0.244364
0 0.303864 0.588538 0.061499 0.203047
0 0.238085 0.602052 0.055715 0.222357
0 0.906211 0.558128 0.062071 0.241953
0 0.777792 0.566604 0.057364 0.217574
0 0.330841 0.567242 0.044469 0.218530