0 0.587711 0.677236 0.273350 0.298139
0 0.046929 0.643417 0.093147 0.357161
0 0.293752 0.609760 0.085624 0.243609
0 0.180548 0.678905 0.201571 0.299994
0 0.737114 0.581175 0.049584 0.155233
0 0.915111 0.539157 0.060096 0.089355
0 0.430120 0.662432 0.168377 0.327885
0 0.972045 0.657313 0.052785 0.327584
0 0.940771 0.648383 0.115333 0.320188
0 0.215227 0.560182 0.054003 0.148278
0 0.636090 0.524763 0.042140 0.065869
0 0.783425 0.551827 0.032616 0.097250
0 0.535395 0.544281 0.027089 0.077128
0 0.471832 0.556174 0.039246 0.111915
0 0.570303 0.533065 0.039721 0.082220
0 0.604028 0.517527 0.023224 0.041713
0 0.146129 0.566328 0.105574 0.163546