0 0.911613 0.513374 0.074602 0.183744
0 0.120441 0.519942 0.067524 0.180483
0 0.675507 0.528147 0.097328 0.212449
0 0.437262 0.524200 0.059462 0.166043
0 0.049954 0.520174 0.068226 0.181960
0 0.227679 0.538689 0.084490 0.217532
0 0.795615 0.554695 0.074439 0.304859
0 0.327015 0.539646 0.076093 0.203217
0 0.483982 0.506595 0.038581 0.106661
0 0.523316 0.501553 0.042299 0.115747
0 0.180074 0.546348 0.056367 0.184884
0 0.717445 0.519293 0.036485 0.159662
0 0.554529 0.489184 0.027324 0.093705
0 0.841418 0.495983 0.025746 0.095248
0 0.956181 0.488872 0.025601 0.083665