0 0.136213 0.520673 0.110513 0.212612
0 0.823351 0.512309 0.096840 0.176872
0 0.727565 0.506610 0.080710 0.172036
0 0.312478 0.518422 0.089992 0.190076
0 0.852984 0.470197 0.077122 0.230963
0 0.643557 0.507073 0.081716 0.175522
0 0.211138 0.539006 0.103950 0.181121
0 0.567936 0.512808 0.079782 0.173343
0 0.261929 0.421011 0.075912 0.182474
0 0.402014 0.524416 0.088715 0.175022
0 0.480768 0.518509 0.092836 0.184966
0 0.750590 0.429007 0.073881 0.170735
0 0.572608 0.409829 0.081287 0.136379
0 0.340138 0.429434 0.065347 0.170133
0 0.483164 0.414946 0.081190 0.129374
0 0.404684 0.426632 0.074597 0.134919
0 0.650376 0.413619 0.066282 0.108067