0 0.899368 0.630417 0.098487 0.280547
0 0.134067 0.615729 0.075698 0.211121
0 0.225598 0.616310 0.060351 0.216550
0 0.951475 0.620818 0.062976 0.259427
0 0.810352 0.620363 0.081567 0.253316
0 0.741579 0.621600 0.081384 0.244340
0 0.610915 0.616817 0.061917 0.236101
0 0.669709 0.629432 0.062351 0.231081
0 0.087465 0.539214 0.064994 0.104864
0 0.268787 0.608619 0.048781 0.202181
0 0.518671 0.614148 0.066344 0.223896
0 0.349827 0.606576 0.064742 0.202976
0 0.464638 0.618454 0.073441 0.230078
0 0.569099 0.604280 0.049924 0.228090
0 0.352548 0.689955 0.256268 0.139128
0 0.188321 0.603218 0.045458 0.190427
0 0.311093 0.609853 0.051011 0.203356
0 0.406546 0.583386 0.051570 0.156562