0 0.124241 0.709145 0.109689 0.321237
0 0.847496 0.706415 0.089699 0.312853
0 0.290057 0.712110 0.120780 0.314626
0 0.187548 0.719673 0.109798 0.330707
0 0.375246 0.726975 0.095569 0.291590
0 0.766124 0.689800 0.077246 0.283864
0 0.439038 0.714645 0.090159 0.288945
0 0.699625 0.696341 0.074231 0.297542
0 0.525805 0.713524 0.095259 0.315275
0 0.613061 0.709214 0.087881 0.294256
0 0.344469 0.567278 0.072375 0.106306
0 0.248209 0.578271 0.061902 0.099181
0 0.653340 0.672849 0.053373 0.283089
0 0.402337 0.571106 0.049854 0.106330
0 0.493502 0.584946 0.061912 0.134221
0 0.721038 0.563533 0.044695 0.081153
0 0.570692 0.582293 0.049133 0.084876