0 0.886224 0.605459 0.126573 0.313330
0 0.179492 0.540031 0.057764 0.190999
0 0.947965 0.573199 0.071278 0.356163
0 0.118017 0.557097 0.069204 0.215886
0 0.525098 0.520174 0.046020 0.149342
0 0.592350 0.498298 0.055049 0.189339
0 0.442051 0.530818 0.034114 0.122375
0 0.485452 0.522726 0.040653 0.140871
0 0.738165 0.523115 0.044249 0.173951
0 0.638929 0.516305 0.053111 0.168502
0 0.772647 0.531352 0.049570 0.164368
0 0.693994 0.513826 0.055204 0.178175
0 0.826719 0.525571 0.059993 0.191161
0 0.225256 0.527457 0.055143 0.182566