0 0.880973 0.577186 0.191844 0.523958
0 0.322522 0.569017 0.147027 0.443184
0 0.215515 0.583354 0.203059 0.505981
0 0.484489 0.601834 0.146611 0.477773
0 0.055904 0.548171 0.111050 0.382169
0 0.589967 0.597019 0.299145 0.484993
0 0.793520 0.537735 0.080128 0.334285
0 0.707181 0.580617 0.115078 0.532316
0 0.113544 0.561659 0.095416 0.406505
0 0.964918 0.550514 0.067040 0.343520
0 0.036478 0.390053 0.072956 0.113548
0 0.262269 0.403272 0.046502 0.071352
0 0.981681 0.559024 0.033512 0.327705
0 0.378711 0.397242 0.040058 0.098565
0 0.738583 0.382496 0.055158 0.078955