0 0.118994 0.683243 0.237988 0.376487
0 0.353421 0.715767 0.104286 0.201618
0 0.891187 0.707796 0.046061 0.120904
0 0.527050 0.695321 0.081719 0.167448
0 0.254153 0.713907 0.064520 0.182008
0 0.442191 0.697502 0.055785 0.122966
0 0.600416 0.680640 0.024520 0.069103
0 0.803447 0.701097 0.029712 0.087891
0 0.672443 0.705436 0.038545 0.151137
0 0.737091 0.680629 0.047661 0.120146
0 0.742388 0.797962 0.110463 0.150511
0 0.644501 0.685366 0.025376 0.072326
0 0.700689 0.700795 0.039971 0.143623
0 0.578745 0.672801 0.020995 0.059390
0 0.006105 0.633241 0.012142 0.097448