0 0.771830 0.657455 0.217264 0.414344
0 0.270176 0.703094 0.159314 0.323808
0 0.490696 0.691353 0.149875 0.349292
0 0.090928 0.670289 0.118224 0.291397
0 0.166251 0.689903 0.143100 0.356427
0 0.637478 0.661839 0.096371 0.365427
0 0.352155 0.560357 0.041522 0.144190
0 0.873955 0.608128 0.058694 0.224414
0 0.414830 0.556749 0.063040 0.161975
0 0.378238 0.559899 0.050929 0.140960
0 0.248051 0.549333 0.048007 0.111672
0 0.987022 0.638156 0.022830 0.197079
0 0.576546 0.595640 0.061549 0.207977
0 0.822867 0.526435 0.062295 0.093317
0 0.468581 0.611147 0.082373 0.239498