0 0.258588 0.528892 0.083780 0.199252
0 0.203910 0.530205 0.066208 0.190785
0 0.617760 0.493461 0.078429 0.119691
0 0.842729 0.496575 0.032541 0.091821
0 0.955862 0.488789 0.020899 0.068709
0 0.477153 0.502075 0.032284 0.082297
0 0.758575 0.505108 0.039539 0.117993
0 0.142568 0.508091 0.030101 0.089694
0 0.778972 0.499060 0.034789 0.104692
0 0.089111 0.510373 0.029526 0.086117
0 0.729431 0.502834 0.028617 0.094164
0 0.314947 0.497661 0.027302 0.070055
0 0.030428 0.505227 0.028356 0.098931
0 0.433342 0.491627 0.023163 0.057848
0 0.394322 0.496369 0.023211 0.059321