0 0.223738 0.494998 0.108096 0.330423
0 0.402024 0.509752 0.106450 0.269090
0 0.855554 0.497759 0.118630 0.285384
0 0.541807 0.491331 0.116736 0.312290
0 0.155465 0.484595 0.118381 0.319672
0 0.636679 0.488972 0.102373 0.299224
0 0.742624 0.508788 0.122672 0.280533
0 0.305322 0.491011 0.088352 0.297598
0 0.463650 0.479222 0.081912 0.290167
0 0.805031 0.494204 0.070227 0.264083
0 0.420306 0.366119 0.060206 0.096300
0 0.366495 0.387601 0.061537 0.105608
0 0.680449 0.386824 0.060886 0.088412
0 0.680212 0.485593 0.062312 0.285723
0 0.364939 0.482496 0.062540 0.295927