0 0.245930 0.729774 0.240895 0.149995
0 0.850311 0.648828 0.156178 0.332428
0 0.937030 0.590687 0.122815 0.385108
0 0.665793 0.697016 0.198188 0.265663
0 0.501722 0.694933 0.176151 0.271143
0 0.363727 0.567401 0.149818 0.185652
0 0.096888 0.553358 0.124723 0.208862
0 0.141549 0.293550 0.109350 0.156895
0 0.477006 0.542346 0.106196 0.159630
0 0.312054 0.456925 0.077561 0.175654
0 0.260452 0.567471 0.098032 0.167675
0 0.184570 0.532724 0.078269 0.145418
0 0.244386 0.446691 0.075107 0.158327
0 0.767109 0.466575 0.120109 0.197763
0 0.612918 0.589426 0.079329 0.149098