0 0.461760 0.794090 0.051046 0.080621
0 0.542475 0.792835 0.052187 0.084700
0 0.663653 0.801756 0.046340 0.064272
0 0.905543 0.775808 0.048914 0.114111
0 0.637508 0.728040 0.034258 0.103503
0 0.572905 0.720090 0.038172 0.104286
0 0.746898 0.811977 0.049033 0.041497
0 0.612566 0.794003 0.044983 0.074595
0 0.504959 0.792419 0.038735 0.078956
0 0.514364 0.680471 0.027174 0.082659
0 0.614951 0.686711 0.027766 0.090925
0 0.590636 0.669023 0.029795 0.082044
0 0.871526 0.773636 0.034487 0.115901
0 0.120512 0.817150 0.037212 0.032947
0 0.533733 0.681402 0.024919 0.082813