0 0.236516 0.635588 0.185725 0.394553
0 0.380248 0.685817 0.288359 0.292923
0 0.671453 0.668177 0.307959 0.330562
0 0.105158 0.580939 0.210315 0.418196
0 0.058522 0.379430 0.116755 0.310312
0 0.597081 0.602639 0.208091 0.413708
0 0.900881 0.599057 0.195113 0.454225
0 0.392162 0.470175 0.198680 0.238464
0 0.967644 0.393026 0.061587 0.134011
0 0.869233 0.272660 0.213385 0.204663
0 0.966129 0.245704 0.064616 0.159283
0 0.596591 0.405252 0.122017 0.254669
0 0.093531 0.728655 0.186074 0.212225
0 0.184761 0.279976 0.147193 0.215159
0 0.633878 0.239182 0.110540 0.139853