0 0.483209 0.508859 0.177836 0.545076
0 0.324068 0.458621 0.120965 0.487383
0 0.724361 0.512158 0.130863 0.487207
0 0.036719 0.349074 0.057942 0.177450
0 0.199482 0.448087 0.113466 0.385278
0 0.580994 0.343880 0.081623 0.283421
0 0.632720 0.353995 0.055729 0.225384
0 0.829433 0.463294 0.105647 0.468407
0 0.972301 0.342792 0.050198 0.169907
0 0.892236 0.436062 0.099504 0.390120
0 0.687403 0.311023 0.032672 0.100232
0 0.378868 0.305484 0.042709 0.089329
0 0.133076 0.315777 0.047516 0.085819
0 0.422104 0.400475 0.082070 0.295254