0 0.098366 0.526617 0.105915 0.348712
0 0.751183 0.617259 0.115452 0.250312
0 0.836785 0.509156 0.109619 0.348599
0 0.190262 0.531335 0.132808 0.340322
0 0.651506 0.642998 0.102730 0.253191
0 0.323955 0.483702 0.118713 0.237779
0 0.889707 0.495289 0.065106 0.331095
0 0.316971 0.607576 0.113268 0.201730
0 0.737257 0.453840 0.102850 0.236285
0 0.548865 0.609332 0.103094 0.207394
0 0.437512 0.605980 0.114091 0.217643
0 0.647446 0.454437 0.093800 0.231803
0 0.436763 0.482533 0.114310 0.238203
0 0.553333 0.465099 0.099790 0.191745
0 0.625650 0.512445 0.086219 0.137534
0 0.152446 0.396337 0.046873 0.067545
0 0.334946 0.365810 0.068003 0.089226
0 0.385337 0.384075 0.075859 0.124511