0 0.092619 0.528896 0.124985 0.462306
0 0.387565 0.538035 0.116074 0.397676
0 0.922247 0.521048 0.098066 0.358232
0 0.735839 0.546869 0.129612 0.341979
0 0.178888 0.559461 0.114476 0.421180
0 0.284896 0.547534 0.130887 0.412294
0 0.490077 0.531263 0.121807 0.384109
0 0.640131 0.550233 0.090568 0.349626
0 0.578265 0.534534 0.089113 0.333513
0 0.849112 0.517274 0.077514 0.336361
0 0.799797 0.524502 0.095492 0.335577
0 0.572487 0.367837 0.114200 0.124640
0 0.215752 0.377308 0.061372 0.100627
0 0.330406 0.377855 0.068690 0.096684
0 0.690691 0.394925 0.057393 0.110316
0 0.449836 0.380546 0.049813 0.083580