0 0.946360 0.613486 0.104155 0.428683
0 0.817867 0.559895 0.163707 0.218810
0 0.928735 0.362190 0.139405 0.287715
0 0.080137 0.505036 0.153558 0.420325
0 0.842656 0.728675 0.187751 0.201965
0 0.052863 0.760909 0.105241 0.141890
0 0.345598 0.399551 0.164119 0.257324
0 0.795682 0.489898 0.266157 0.329141
0 0.184381 0.741505 0.130663 0.177526
0 0.368474 0.520483 0.250119 0.261369
0 0.038935 0.362603 0.077272 0.386439
0 0.319260 0.766483 0.156232 0.131194
0 0.162770 0.546465 0.250172 0.287499
0 0.787335 0.281110 0.100837 0.226300
0 0.402966 0.676325 0.191956 0.286552
0 0.560181 0.509614 0.206926 0.417070