0 0.077323 0.778272 0.071669 0.110881
0 0.387536 0.778190 0.051575 0.107212
0 0.967592 0.783735 0.061691 0.100784
0 0.176176 0.790165 0.056459 0.086542
0 0.636675 0.780051 0.044308 0.106548
0 0.706905 0.779875 0.036875 0.105803
0 0.130358 0.790481 0.054001 0.086255
0 0.222338 0.791029 0.054574 0.085748
0 0.535543 0.784320 0.061019 0.095845
0 0.309769 0.780722 0.039628 0.104092
0 0.917647 0.786852 0.072566 0.094892
0 0.816345 0.776617 0.069530 0.112744
0 0.471196 0.779940 0.037550 0.098661
0 0.755348 0.783706 0.048226 0.095833
0 0.780841 0.781762 0.031331 0.096907
0 0.430920 0.781509 0.030853 0.083717
0 0.341745 0.779246 0.022930 0.066778
0 0.887881 0.790591 0.027649 0.084508
0 0.058880 0.756180 0.037481 0.082898