0 0.054467 0.675972 0.103919 0.304236
0 0.131081 0.661590 0.087224 0.301424
0 0.608963 0.648715 0.078063 0.266224
0 0.755472 0.660527 0.074207 0.242724
0 0.332845 0.666069 0.081281 0.254756
0 0.684840 0.645560 0.083643 0.282621
0 0.873664 0.651804 0.084862 0.273229
0 0.461782 0.653964 0.084965 0.274660
0 0.929382 0.638951 0.081646 0.270296
0 0.264134 0.664152 0.082981 0.272231
0 0.806188 0.641029 0.081615 0.275314
0 0.531814 0.646442 0.089215 0.283523
0 0.200393 0.657725 0.073340 0.284237
0 0.404095 0.649625 0.077391 0.274223
0 0.647689 0.509811 0.067475 0.105461
0 0.299698 0.534222 0.058659 0.092103
0 0.876362 0.509204 0.057977 0.075080
0 0.177772 0.518745 0.075229 0.092746
0 0.233065 0.532996 0.049427 0.075319