0 0.791813 0.739790 0.060235 0.090802
0 0.308475 0.730190 0.029335 0.085816
0 0.544761 0.739055 0.025343 0.073869
0 0.838070 0.743490 0.038432 0.081726
0 0.264982 0.737785 0.035177 0.093367
0 0.059530 0.733080 0.026305 0.098868
0 0.878586 0.745483 0.034178 0.077992
0 0.219690 0.736927 0.028972 0.087194
0 0.617902 0.743159 0.042216 0.084641
0 0.938078 0.739991 0.024783 0.071869
0 0.740042 0.745570 0.019058 0.057671
0 0.335443 0.723649 0.023658 0.067967
0 0.755623 0.737016 0.017217 0.048794
0 0.723936 0.736700 0.016077 0.051308