0 0.834690 0.697698 0.095154 0.248147
0 0.641325 0.723811 0.076984 0.201025
0 0.210897 0.671297 0.047124 0.141819
0 0.279191 0.662540 0.057511 0.149805
0 0.720229 0.719722 0.061155 0.153513
0 0.895656 0.709007 0.064017 0.192318
0 0.072432 0.670677 0.044257 0.148584
0 0.503276 0.745513 0.037841 0.124444
0 0.493716 0.665753 0.045491 0.138923
0 0.781351 0.676431 0.044856 0.140197
0 0.988468 0.693484 0.019939 0.133366
0 0.104618 0.645757 0.030306 0.105474
0 0.156316 0.637021 0.025696 0.082338
0 0.007770 0.655969 0.015529 0.094169
0 0.139507 0.640750 0.018450 0.074182