0 0.475480 0.622663 0.105731 0.288692
0 0.149449 0.628851 0.162931 0.337115
0 0.892155 0.633385 0.152457 0.260975
0 0.677067 0.624426 0.069417 0.210733
0 0.045967 0.651515 0.091868 0.291560
0 0.802222 0.589539 0.068073 0.188350
0 0.577596 0.585471 0.041460 0.133862
0 0.422154 0.625125 0.046316 0.212199
0 0.736067 0.588000 0.030501 0.115885
0 0.335719 0.607364 0.072011 0.197153
0 0.536183 0.581646 0.043055 0.142142
0 0.021740 0.706220 0.043122 0.140072
0 0.604552 0.573754 0.027955 0.098785
0 0.970771 0.545432 0.039238 0.142579
0 0.756748 0.598993 0.031506 0.108144