0 0.914968 0.634821 0.054731 0.151029
0 0.165339 0.569538 0.114031 0.134769
0 0.570852 0.629348 0.060686 0.127839
0 0.849373 0.589120 0.031944 0.108860
0 0.408905 0.547859 0.037631 0.096476
0 0.295035 0.535928 0.050557 0.133394
0 0.335002 0.543232 0.044162 0.123400
0 0.982501 0.586343 0.031872 0.098868
0 0.694451 0.598808 0.030120 0.106992
0 0.557099 0.542651 0.025838 0.046139
0 0.174474 0.482220 0.037190 0.108179
0 0.201325 0.494494 0.034298 0.130742
0 0.144387 0.478146 0.046440 0.093332
0 0.600408 0.539611 0.017267 0.051458
0 0.239646 0.495847 0.038929 0.110720
0 0.932676 0.534719 0.014413 0.044681
0 0.669699 0.594523 0.032282 0.118593
0 0.258788 0.495252 0.028317 0.092038
0 0.870335 0.587359 0.028736 0.100208
0 0.952754 0.529734 0.016114 0.047288