0 0.305619 0.714212 0.184381 0.271081
0 0.773630 0.734719 0.427347 0.271923
0 0.727193 0.679989 0.194497 0.225015
0 0.395758 0.470813 0.115162 0.154651
0 0.523534 0.466962 0.159297 0.176131
0 0.323374 0.473968 0.089505 0.136926
0 0.768606 0.543079 0.110728 0.195154
0 0.253057 0.475021 0.084243 0.200591
0 0.674384 0.576978 0.097855 0.137985
0 0.878625 0.600378 0.092835 0.147168
0 0.117000 0.531877 0.114020 0.262145
0 0.591845 0.481912 0.088759 0.147218
0 0.228131 0.591738 0.150076 0.215175
0 0.460193 0.406321 0.082659 0.127247
0 0.697739 0.505929 0.052518 0.115173