0 0.216330 0.592216 0.138232 0.278610
0 0.537696 0.530427 0.076435 0.173079
0 0.343152 0.534620 0.044263 0.148374
0 0.784584 0.521202 0.060934 0.170595
0 0.610696 0.583069 0.125554 0.309999
0 0.417865 0.545619 0.086957 0.223799
0 0.907921 0.502739 0.047510 0.120207
0 0.117150 0.576883 0.085009 0.228650
0 0.690536 0.542232 0.072107 0.207009
0 0.730767 0.526706 0.051642 0.179620
0 0.834678 0.508976 0.065983 0.159395
0 0.071633 0.588049 0.065939 0.093200
0 0.389650 0.520926 0.028926 0.139343
0 0.762721 0.512464 0.031084 0.142704
0 0.038728 0.499799 0.044248 0.049997
0 0.558111 0.525759 0.041883 0.155060