0 0.105930 0.743872 0.021902 0.054033
0 0.071938 0.749590 0.020300 0.059890
0 0.858463 0.816874 0.026479 0.061830
0 0.971184 0.649656 0.013778 0.036906
0 0.973846 0.744614 0.024763 0.054391
0 0.756635 0.826104 0.026449 0.060794
0 0.953380 0.645284 0.015908 0.039526
0 0.573798 0.827966 0.017785 0.057787
0 0.309019 0.826378 0.021034 0.055100
0 0.493065 0.782527 0.016689 0.050424
0 0.378674 0.850128 0.021895 0.049004
0 0.261634 0.853351 0.024144 0.044081
0 0.548597 0.832600 0.017492 0.049928
0 0.607839 0.795880 0.015847 0.045175
0 0.008461 0.611593 0.016444 0.041205
0 0.778110 0.806309 0.019171 0.059534