0 0.040399 0.715911 0.080059 0.205013
0 0.877674 0.716582 0.080323 0.235706
0 0.218540 0.637746 0.042257 0.164102
0 0.117608 0.699357 0.075319 0.217887
0 0.969064 0.695811 0.058747 0.169599
0 0.671605 0.658500 0.076337 0.201073
0 0.280956 0.634919 0.042512 0.132471
0 0.373382 0.610273 0.061390 0.144334
0 0.524748 0.697922 0.067237 0.211015
0 0.463399 0.704033 0.069078 0.197484
0 0.604743 0.661200 0.066442 0.190015
0 0.153513 0.595768 0.036090 0.086139
0 0.755696 0.588356 0.038912 0.119617
0 0.783216 0.596134 0.037062 0.121419
0 0.250847 0.603582 0.035059 0.100607
0 0.715824 0.603316 0.036855 0.113964
0 0.818527 0.593541 0.035811 0.099756
0 0.437981 0.676325 0.044135 0.171912
0 0.846043 0.598090 0.033306 0.102749