0 0.251688 0.671514 0.072652 0.205091
0 0.136969 0.678454 0.076766 0.206767
0 0.310491 0.677309 0.074380 0.196735
0 0.058287 0.680532 0.067365 0.135250
0 0.414882 0.684091 0.058190 0.195071
0 0.596255 0.637878 0.037577 0.133547
0 0.876371 0.662993 0.080486 0.174821
0 0.566691 0.637530 0.038501 0.128050
0 0.458675 0.678925 0.069865 0.201805
0 0.755757 0.713100 0.113567 0.133931
0 0.018678 0.700738 0.037356 0.109639
0 0.810230 0.671756 0.077091 0.107023
0 0.501836 0.666295 0.060647 0.214460
0 0.085934 0.632563 0.040179 0.059746
0 0.743654 0.618523 0.047545 0.128674
0 0.390866 0.643959 0.050073 0.161398