0 0.692553 0.473296 0.051683 0.173672
0 0.733261 0.467778 0.053073 0.184827
0 0.922776 0.453934 0.055153 0.129767
0 0.302869 0.429524 0.031170 0.092809
0 0.209338 0.428222 0.037406 0.101355
0 0.806885 0.458265 0.036117 0.111587
0 0.624308 0.445080 0.043323 0.114661
0 0.533984 0.447345 0.039548 0.130159
0 0.136560 0.443300 0.030441 0.095825
0 0.985647 0.461424 0.025581 0.126588
0 0.460587 0.436218 0.029245 0.094810
0 0.243648 0.425919 0.027637 0.076179
0 0.394167 0.442280 0.037039 0.103059
0 0.841670 0.474074 0.035725 0.074874
0 0.592494 0.437173 0.033702 0.092782