0 0.377194 0.623957 0.105748 0.320838
0 0.508549 0.616910 0.082053 0.297709
0 0.046315 0.606744 0.092136 0.211373
0 0.143688 0.563291 0.055628 0.140929
0 0.622711 0.565873 0.062398 0.166108
0 0.843259 0.574998 0.053720 0.153311
0 0.290763 0.543905 0.050612 0.137477
0 0.668191 0.558977 0.039822 0.150935
0 0.251778 0.537946 0.037345 0.118620
0 0.703265 0.558640 0.040599 0.150338
0 0.187263 0.527060 0.032110 0.099711
0 0.813355 0.566535 0.039361 0.138429
0 0.776386 0.575646 0.068142 0.155534
0 0.440683 0.550658 0.046072 0.145221