0 0.266032 0.680029 0.039411 0.123804
0 0.443752 0.695480 0.056141 0.142797
0 0.228317 0.682806 0.045061 0.126100
0 0.497263 0.691959 0.048375 0.135114
0 0.610018 0.698221 0.065472 0.174675
0 0.036937 0.650793 0.021569 0.057365
0 0.864604 0.673852 0.033993 0.080072
0 0.091631 0.651300 0.023284 0.066427
0 0.708029 0.648161 0.023687 0.065981
0 0.056980 0.647922 0.023230 0.058093
0 0.334891 0.654619 0.023910 0.062632
0 0.382244 0.653498 0.020462 0.064814
0 0.633496 0.689794 0.034826 0.153775
0 0.825682 0.651881 0.030304 0.058639
0 0.789398 0.649809 0.020007 0.051015
0 0.898727 0.649350 0.020589 0.055797