0 0.654665 0.601734 0.091042 0.251309
0 0.808423 0.626491 0.059036 0.209063
0 0.757511 0.631672 0.061678 0.209632
0 0.549449 0.580307 0.060038 0.200434
0 0.106610 0.565761 0.034566 0.091580
0 0.146322 0.541434 0.035407 0.090156
0 0.219763 0.543259 0.026378 0.088748
0 0.719678 0.616438 0.049749 0.195060
0 0.173393 0.538306 0.029068 0.091334
0 0.585999 0.566861 0.048484 0.196388
0 0.198623 0.540596 0.024603 0.079678
0 0.241856 0.541136 0.023328 0.078671
0 0.479744 0.540098 0.024055 0.085659
0 0.288064 0.537204 0.030066 0.073955