0 0.088747 0.596705 0.176758 0.189014
0 0.875492 0.465344 0.103930 0.269137
0 0.246602 0.449513 0.102762 0.260566
0 0.406489 0.611064 0.109925 0.185895
0 0.055427 0.467300 0.098944 0.212815
0 0.197504 0.592034 0.107855 0.194054
0 0.482357 0.622177 0.115727 0.173138
0 0.771088 0.628752 0.128494 0.165993
0 0.921646 0.623152 0.098846 0.158298
0 0.149939 0.473981 0.071318 0.235912
0 0.586899 0.635452 0.106638 0.151603
0 0.738892 0.442824 0.119464 0.218026
0 0.336519 0.424700 0.095167 0.210013
0 0.276854 0.601592 0.132345 0.178439
0 0.849051 0.629565 0.086049 0.160649
0 0.677747 0.626260 0.101770 0.167214
0 0.342572 0.567045 0.072682 0.191695