0 0.130941 0.540136 0.107495 0.276153
0 0.211072 0.536187 0.078577 0.250755
0 0.285612 0.537519 0.086565 0.248941
0 0.529047 0.595589 0.113357 0.186151
0 0.789717 0.597745 0.103604 0.190811
0 0.403065 0.589826 0.106200 0.189749
0 0.848033 0.545514 0.095015 0.299333
0 0.703712 0.591928 0.093698 0.192892
0 0.615907 0.596916 0.088018 0.179960
0 0.353815 0.528436 0.070731 0.255322
0 0.655309 0.504088 0.077546 0.199128
0 0.738001 0.484596 0.081448 0.150316
0 0.473426 0.528277 0.066208 0.222493
0 0.569930 0.518604 0.073250 0.199196
0 0.248742 0.434593 0.051394 0.073118
0 0.518969 0.480351 0.052421 0.123200
0 0.412284 0.478790 0.074625 0.138710