0 0.344816 0.589411 0.056882 0.158281
0 0.483511 0.662433 0.075091 0.257150
0 0.252256 0.620006 0.053460 0.181473
0 0.125099 0.618058 0.066682 0.154473
0 0.782892 0.551282 0.042104 0.127594
0 0.888551 0.524167 0.036469 0.126037
0 0.822215 0.550956 0.036130 0.099645
0 0.437898 0.571099 0.034525 0.117605
0 0.855777 0.532050 0.043716 0.121013
0 0.741420 0.555233 0.041010 0.136192
0 0.611069 0.559455 0.038993 0.118546
0 0.406474 0.562528 0.037118 0.120238
0 0.586854 0.541950 0.033451 0.101570
0 0.636961 0.537572 0.042795 0.113505
0 0.298283 0.551611 0.027835 0.101768
0 0.261185 0.503327 0.030823 0.058920