0 0.099181 0.573779 0.164484 0.219084
0 0.881951 0.589985 0.165224 0.219180
0 0.899697 0.493993 0.116469 0.261115
0 0.227237 0.567357 0.128893 0.191216
0 0.743237 0.579776 0.139517 0.211405
0 0.357137 0.570744 0.128302 0.205758
0 0.688007 0.482502 0.094609 0.233656
0 0.614517 0.571505 0.136201 0.197827
0 0.238939 0.366972 0.115369 0.191599
0 0.486968 0.568750 0.138872 0.190973
0 0.144426 0.487979 0.124731 0.222041
0 0.787921 0.470579 0.109308 0.208319
0 0.595349 0.468209 0.106383 0.203742
0 0.259947 0.460969 0.114103 0.164521
0 0.482804 0.449899 0.105054 0.169343
0 0.369842 0.467350 0.119509 0.184880
0 0.664621 0.361154 0.096559 0.170498
0 0.356380 0.364023 0.089072 0.132136