0 0.065838 0.581162 0.117603 0.354175
0 0.944456 0.645351 0.107963 0.290747
0 0.113573 0.642949 0.108645 0.279421
0 0.711220 0.635168 0.114220 0.295046
0 0.255630 0.553638 0.105580 0.301410
0 0.834200 0.639949 0.130080 0.307431
0 0.481669 0.498244 0.111437 0.234958
0 0.233476 0.708233 0.158421 0.172809
0 0.368628 0.512710 0.124292 0.216261
0 0.523240 0.674013 0.112082 0.241751
0 0.903625 0.483889 0.112372 0.174524
0 0.586153 0.530469 0.100959 0.254053
0 0.619784 0.690931 0.088642 0.177108
0 0.168903 0.574331 0.088723 0.312122
0 0.708121 0.479447 0.109268 0.150475
0 0.354884 0.669987 0.101420 0.209438
0 0.429022 0.655825 0.102779 0.238515
0 0.119506 0.443578 0.064500 0.110283
0 0.798115 0.513082 0.094726 0.222618
0 0.644115 0.529346 0.057270 0.235513
0 0.316840 0.549185 0.064738 0.301661