0 0.195925 0.679296 0.219998 0.299574
0 0.912410 0.635775 0.065384 0.138694
0 0.337202 0.626070 0.055260 0.168794
0 0.650429 0.635783 0.092021 0.151447
0 0.393673 0.627437 0.050112 0.137297
0 0.831853 0.630942 0.053208 0.127272
0 0.514605 0.606457 0.035706 0.090536
0 0.022855 0.588533 0.031140 0.085012
0 0.282258 0.599734 0.037441 0.096906
0 0.950912 0.622652 0.052470 0.128045
0 0.076088 0.573207 0.021024 0.066417
0 0.672692 0.571682 0.023322 0.061789
0 0.143900 0.574220 0.024651 0.056589
0 0.543457 0.586726 0.020959 0.063783