0 0.163394 0.705654 0.093548 0.318027
0 0.588191 0.690007 0.089831 0.340209
0 0.734701 0.712684 0.087256 0.321345
0 0.833370 0.699519 0.089115 0.339096
0 0.367396 0.714882 0.088257 0.301851
0 0.511303 0.696249 0.092460 0.309104
0 0.663375 0.707477 0.084801 0.308690
0 0.280949 0.709047 0.091687 0.305409
0 0.440833 0.711565 0.076608 0.313894
0 0.891269 0.679358 0.072244 0.289657
0 0.097048 0.673938 0.066906 0.199211
0 0.982049 0.600331 0.032778 0.091625
0 0.232766 0.679125 0.080500 0.321916
0 0.035639 0.624852 0.028051 0.071598
0 0.006316 0.632302 0.012632 0.070916
0 0.788616 0.601665 0.027264 0.077845
0 0.348508 0.583433 0.067628 0.093756
0 0.203336 0.683169 0.049182 0.317236