0 0.034374 0.609275 0.068435 0.263087
0 0.900861 0.713046 0.190793 0.319665
0 0.181286 0.652507 0.124042 0.314197
0 0.523722 0.714504 0.179146 0.314362
0 0.280900 0.659134 0.105225 0.345811
0 0.671254 0.758820 0.097555 0.229152
0 0.097535 0.641245 0.066587 0.231417
0 0.119870 0.582799 0.077457 0.211100
0 0.427188 0.785553 0.185995 0.175619
0 0.739194 0.634923 0.092655 0.305041
0 0.940418 0.850603 0.116039 0.049785
0 0.485546 0.492354 0.044099 0.139674
0 0.639122 0.506868 0.072510 0.160541
0 0.779205 0.622065 0.052299 0.258018
0 0.366266 0.572923 0.064521 0.146672
0 0.851060 0.513595 0.087188 0.105279
0 0.956838 0.533347 0.082747 0.089829