0 0.293732 0.606547 0.033559 0.115659
0 0.398496 0.603651 0.032653 0.115668
0 0.940905 0.612676 0.042170 0.134022
0 0.556318 0.629502 0.036504 0.128136
0 0.146475 0.573755 0.032488 0.067131
0 0.370986 0.603998 0.028590 0.103512
0 0.228539 0.554452 0.019324 0.056062
0 0.028086 0.558555 0.022369 0.047884
0 0.568997 0.643314 0.224728 0.402662
0 0.252986 0.538642 0.018354 0.047157
0 0.977813 0.616724 0.025703 0.103102
0 0.990162 0.621261 0.016550 0.119656
0 0.851566 0.618320 0.046069 0.123203
0 0.116598 0.559283 0.020096 0.051716
0 0.807288 0.611328 0.043895 0.139578
0 0.918658 0.604394 0.029754 0.123762