0 0.845197 0.681120 0.193268 0.233063
0 0.136816 0.719680 0.152051 0.165253
0 0.610218 0.609118 0.063281 0.205016
0 0.272360 0.546738 0.058153 0.157340
0 0.798168 0.585406 0.055078 0.198251
0 0.737559 0.636431 0.079716 0.261578
0 0.907393 0.586132 0.071810 0.201787
0 0.322549 0.548011 0.044650 0.160962
0 0.207935 0.518307 0.039600 0.118477
0 0.964927 0.615887 0.067022 0.250037
0 0.443454 0.534171 0.051500 0.157150
0 0.384551 0.543748 0.037513 0.136394
0 0.407105 0.565792 0.036404 0.126554
0 0.010768 0.609879 0.021194 0.171464
0 0.854447 0.537712 0.083951 0.107439
0 0.243889 0.513003 0.032521 0.103965
0 0.021973 0.663379 0.043645 0.268296
0 0.021857 0.741194 0.043466 0.115330