0 0.536542 0.755511 0.118964 0.187630
0 0.157575 0.609546 0.048227 0.125303
0 0.113069 0.610133 0.038658 0.130798
0 0.081262 0.622212 0.043183 0.121787
0 0.486216 0.604200 0.031874 0.108086
0 0.792434 0.613304 0.031010 0.095057
0 0.246574 0.600284 0.033077 0.120944
0 0.362663 0.598007 0.034855 0.112562
0 0.219791 0.611152 0.031876 0.098115
0 0.900496 0.618462 0.032582 0.106557
0 0.761519 0.602437 0.038034 0.113711
0 0.328612 0.599436 0.034104 0.108933
0 0.425512 0.604628 0.032408 0.101248
0 0.972502 0.636956 0.028630 0.128278
0 0.395397 0.603041 0.030891 0.100456