0 0.727926 0.563829 0.149566 0.348808
0 0.050045 0.600092 0.099688 0.328792
0 0.863970 0.568923 0.080234 0.260661
0 0.194479 0.602353 0.092727 0.320138
0 0.613157 0.581367 0.064552 0.238031
0 0.318307 0.579718 0.095671 0.277591
0 0.480963 0.586001 0.066561 0.249726
0 0.425556 0.592272 0.067423 0.239743
0 0.578299 0.580502 0.049593 0.240164
0 0.106771 0.595902 0.063133 0.299715
0 0.808874 0.576827 0.065113 0.234297
0 0.541104 0.587873 0.056883 0.229771
0 0.384578 0.587580 0.055886 0.253890
0 0.937607 0.581874 0.063532 0.238010
0 0.242633 0.591820 0.078250 0.304700
0 0.666079 0.584740 0.063296 0.226421