0 0.692446 0.696923 0.063569 0.198599
0 0.620487 0.693408 0.058422 0.189468
0 0.208526 0.641485 0.039082 0.097980
0 0.457147 0.648071 0.035340 0.118687
0 0.121488 0.635805 0.044817 0.103968
0 0.943397 0.633385 0.038093 0.093049
0 0.525174 0.642497 0.031510 0.103280
0 0.580384 0.647563 0.029751 0.099214
0 0.884188 0.610310 0.021451 0.051271
0 0.910020 0.612876 0.019049 0.050216
0 0.401699 0.622553 0.018500 0.065119
0 0.071133 0.617033 0.026959 0.062434
0 0.047100 0.608576 0.022590 0.044630
0 0.014860 0.624497 0.026495 0.076518
0 0.502184 0.620560 0.019302 0.070339