0 0.299865 0.595775 0.241358 0.402273
0 0.144952 0.608408 0.129467 0.378076
0 0.681565 0.598575 0.178097 0.390428
0 0.828275 0.601649 0.271036 0.386046
0 0.587351 0.612554 0.140507 0.364491
0 0.059962 0.622892 0.119258 0.345112
0 0.082974 0.464636 0.060467 0.072984
0 0.509814 0.535117 0.148873 0.238853
0 0.030116 0.451785 0.058235 0.067222
0 0.575471 0.415059 0.045296 0.053624
0 0.471281 0.477928 0.053000 0.123189
0 0.406190 0.616635 0.120302 0.354972
0 0.943719 0.479239 0.074644 0.156095
0 0.755138 0.489086 0.046678 0.133660