0 0.098059 0.800938 0.039239 0.091340
0 0.037434 0.791788 0.023350 0.069640
0 0.007553 0.795961 0.015107 0.069902
0 0.283957 0.688891 0.017904 0.068212
0 0.856191 0.799095 0.025501 0.082345
0 0.412356 0.822398 0.025822 0.060113
0 0.703550 0.791130 0.020438 0.065428
0 0.684223 0.779990 0.023974 0.078980
0 0.335729 0.686357 0.024426 0.070247
0 0.204233 0.825751 0.033243 0.054991
0 0.298854 0.686667 0.021057 0.068219
0 0.521691 0.833720 0.026001 0.039684
0 0.760002 0.721279 0.018597 0.063543
0 0.713802 0.711608 0.021879 0.057904