0 0.164110 0.669580 0.096623 0.220827
0 0.337160 0.616492 0.089166 0.097623
0 0.085209 0.666750 0.097415 0.227159
0 0.954786 0.586989 0.087302 0.144814
0 0.507005 0.607681 0.090148 0.108440
0 0.863731 0.614485 0.076121 0.096836
0 0.425787 0.613941 0.104204 0.101734
0 0.593901 0.608923 0.095463 0.130542
0 0.702097 0.603436 0.090651 0.123065
0 0.029488 0.661955 0.058623 0.234658
0 0.797342 0.622255 0.110656 0.093703
0 0.146525 0.582288 0.044878 0.086811
0 0.257371 0.666048 0.115854 0.226970
0 0.389970 0.589729 0.040400 0.074935
0 0.470296 0.590785 0.054286 0.076555
0 0.748457 0.602708 0.052583 0.094469
0 0.647516 0.612955 0.045074 0.110418
0 0.223071 0.598642 0.050966 0.083680
0 0.307732 0.596911 0.046462 0.070798
0 0.554414 0.593722 0.045150 0.064458
0 0.056002 0.566029 0.060593 0.082989
0 0.224210 0.667722 0.057658 0.223345