0 0.532415 0.623239 0.302126 0.414781
0 0.743480 0.515124 0.036385 0.106283
0 0.328778 0.517631 0.033244 0.102042
0 0.254694 0.518991 0.032236 0.102498
0 0.299018 0.513641 0.032268 0.110290
0 0.361723 0.522796 0.028144 0.092585
0 0.771876 0.515494 0.029083 0.106364
0 0.969686 0.530674 0.036382 0.103497
0 0.406723 0.517443 0.029522 0.100599
0 0.853611 0.516065 0.029791 0.098971
0 0.226151 0.517770 0.031161 0.100667
0 0.197992 0.513023 0.032101 0.107860
0 0.276428 0.517234 0.028498 0.100367
0 0.071042 0.522380 0.036839 0.093449
0 0.708521 0.516898 0.030790 0.104190
0 0.826476 0.518220 0.031271 0.096817
0 0.800458 0.518809 0.030007 0.096296