0 0.878905 0.595613 0.111676 0.366755
0 0.487783 0.623161 0.174398 0.273650
0 0.800801 0.550972 0.095435 0.331917
0 0.230757 0.520493 0.094398 0.217547
0 0.663029 0.542823 0.086394 0.229634
0 0.273357 0.704388 0.188722 0.156044
0 0.327123 0.677098 0.084989 0.144153
0 0.030039 0.441526 0.059879 0.125605
0 0.592577 0.590657 0.090904 0.286081
0 0.286760 0.628428 0.081398 0.122480
0 0.277142 0.480860 0.060032 0.186071
0 0.516278 0.458072 0.068553 0.158770
0 0.739588 0.591932 0.091924 0.156252
0 0.565394 0.398625 0.038528 0.068579
0 0.615489 0.434524 0.073476 0.113553
0 0.379945 0.456036 0.062170 0.123550