0 0.419559 0.557779 0.110240 0.211178
0 0.725654 0.515202 0.052602 0.173992
0 0.292146 0.552504 0.106233 0.188592
0 0.528452 0.543711 0.084626 0.168396
0 0.779017 0.487617 0.041000 0.113289
0 0.187294 0.485902 0.056929 0.081549
0 0.609509 0.444750 0.044623 0.060130
0 0.671120 0.446816 0.035645 0.064993
0 0.525030 0.446676 0.033343 0.049261
0 0.374070 0.471326 0.044012 0.059399
0 0.633361 0.546248 0.087098 0.142934
0 0.171260 0.539264 0.089504 0.190271
0 0.121591 0.456762 0.017083 0.028535
0 0.413688 0.483658 0.077370 0.060492
0 0.559634 0.454663 0.030710 0.050396