0 0.374161 0.627539 0.036810 0.089944
0 0.495556 0.669757 0.038580 0.114333
0 0.538217 0.671440 0.033974 0.089777
0 0.585974 0.674095 0.035237 0.098287
0 0.904861 0.672458 0.024753 0.076152
0 0.462814 0.666201 0.023659 0.086212
0 0.291434 0.603546 0.030952 0.091963
0 0.964197 0.657199 0.017507 0.049238
0 0.822490 0.668404 0.023210 0.080731
0 0.691685 0.666423 0.020442 0.068775
0 0.620914 0.660523 0.022413 0.063168
0 0.240152 0.576084 0.029474 0.073426
0 0.726922 0.660950 0.018080 0.061919
0 0.141784 0.553526 0.021691 0.074312
0 0.212057 0.570108 0.024229 0.072733
0 0.644118 0.657555 0.022607 0.064761
0 0.161917 0.555900 0.025282 0.072626
0 0.010028 0.551483 0.020055 0.051493
0 0.577400 0.623616 0.016378 0.042258