0 0.798707 0.546734 0.398240 0.396092
0 0.337977 0.438783 0.215259 0.281762
0 0.215812 0.418042 0.140345 0.274944
0 0.496679 0.413384 0.132803 0.261012
0 0.973216 0.298520 0.050443 0.086233
0 0.901264 0.307569 0.041839 0.079308
0 0.747829 0.320296 0.034700 0.060657
0 0.845390 0.316160 0.045389 0.068149
0 0.804277 0.314417 0.041271 0.069247
0 0.665662 0.321863 0.028206 0.055622
0 0.636020 0.323420 0.023248 0.052372
0 0.595786 0.325480 0.024203 0.050673
0 0.932702 0.308118 0.037077 0.061969
0 0.698380 0.322442 0.024515 0.055313