0 0.218663 0.518038 0.110478 0.351010
0 0.890958 0.527640 0.107468 0.397045
0 0.270374 0.594606 0.145530 0.232812
0 0.417295 0.450223 0.094540 0.206709
0 0.367739 0.610422 0.089848 0.182756
0 0.739709 0.587807 0.115198 0.229000
0 0.689613 0.454746 0.101930 0.182361
0 0.351027 0.456412 0.074326 0.176785
0 0.828690 0.555805 0.096537 0.324332
0 0.755519 0.447693 0.080243 0.183061
0 0.290477 0.434767 0.080021 0.169065
0 0.576092 0.483668 0.113872 0.164588
0 0.538466 0.637230 0.226477 0.209439
0 0.649949 0.595740 0.110533 0.179683
0 0.489109 0.441906 0.074546 0.170250
0 0.449664 0.579420 0.100015 0.197289