0 0.082138 0.697879 0.094290 0.254348
0 0.254714 0.685695 0.108819 0.280408
0 0.344715 0.683155 0.089252 0.281369
0 0.170693 0.688995 0.094565 0.285035
0 0.422230 0.686378 0.081467 0.258622
0 0.886515 0.677818 0.185511 0.274450
0 0.671703 0.684130 0.100087 0.271541
0 0.125576 0.494166 0.110200 0.267725
0 0.758743 0.682979 0.094196 0.278365
0 0.424704 0.474593 0.112444 0.273701
0 0.825261 0.491223 0.113975 0.244898
0 0.235968 0.475465 0.118533 0.268007
0 0.585068 0.684228 0.091100 0.309835
0 0.497806 0.670051 0.095039 0.297561
0 0.331932 0.478609 0.096090 0.250527
0 0.712542 0.490929 0.112392 0.237411