0 0.918332 0.740086 0.085384 0.120270
0 0.834095 0.749128 0.108078 0.101666
0 0.279327 0.751492 0.077406 0.096422
0 0.206136 0.754612 0.084281 0.089222
0 0.614567 0.747137 0.054072 0.106208
0 0.708580 0.755974 0.063264 0.086868
0 0.412608 0.759983 0.078975 0.080805
0 0.554233 0.758358 0.050583 0.083336
0 0.119362 0.761546 0.074977 0.074382
0 0.351671 0.750047 0.043969 0.097848
0 0.457891 0.751382 0.030553 0.095541
0 0.073321 0.750058 0.056043 0.096954
0 0.485129 0.750268 0.034130 0.096879
0 0.039930 0.737099 0.029925 0.085808
0 0.949224 0.747714 0.055349 0.103387