0 0.732175 0.436458 0.196048 0.275216
0 0.237328 0.411954 0.111239 0.284091
0 0.325419 0.407188 0.086936 0.244932
0 0.409749 0.419030 0.117118 0.250769
0 0.888715 0.625648 0.104167 0.215988
0 0.676919 0.637827 0.136961 0.252491
0 0.590338 0.515293 0.095726 0.127142
0 0.298477 0.608199 0.130843 0.227823
0 0.535839 0.634475 0.171330 0.258512
0 0.200751 0.614124 0.114499 0.209586
0 0.503891 0.511547 0.076629 0.112055
0 0.780505 0.640241 0.106054 0.233494
0 0.458207 0.606755 0.105484 0.213402
0 0.385957 0.612588 0.085653 0.207624
0 0.682511 0.513479 0.125832 0.155376