0 0.058808 0.528628 0.093456 0.271372
0 0.934681 0.539727 0.082028 0.253066
0 0.141779 0.533682 0.082409 0.260988
0 0.287222 0.563971 0.116524 0.225876
0 0.531381 0.571416 0.087020 0.209196
0 0.610568 0.568997 0.084257 0.214085
0 0.847840 0.525615 0.088646 0.268534
0 0.688595 0.568330 0.087062 0.213547
0 0.460812 0.568587 0.079229 0.212492
0 0.497153 0.435069 0.091485 0.148677
0 0.229349 0.522635 0.094590 0.276597
0 0.384409 0.564496 0.101015 0.219123
0 0.671636 0.442031 0.090206 0.133178
0 0.411942 0.441384 0.092213 0.138931
0 0.764412 0.442110 0.084654 0.112081
0 0.583489 0.443161 0.085466 0.142471
0 0.324995 0.443394 0.078384 0.112057
0 0.786432 0.567530 0.123418 0.218577
0 0.181092 0.491902 0.082841 0.297302