0 0.898406 0.533846 0.200063 0.463299
0 0.727808 0.521826 0.163871 0.364673
0 0.103190 0.554488 0.150674 0.395786
0 0.282960 0.553228 0.161404 0.292839
0 0.353005 0.601384 0.133486 0.198101
0 0.222285 0.548542 0.104185 0.302331
0 0.629752 0.597837 0.160009 0.215017
0 0.596478 0.478852 0.153412 0.244427
0 0.490590 0.600039 0.147651 0.203470
0 0.422331 0.492011 0.145827 0.261538
0 0.811264 0.388850 0.118701 0.155041
0 0.325066 0.403979 0.122187 0.157437
0 0.214779 0.394462 0.105716 0.191965
0 0.688144 0.365354 0.085158 0.150874
0 0.517704 0.437092 0.111114 0.169057