0 0.857493 0.855368 0.023426 0.060729
0 0.260815 0.857325 0.024439 0.065573
0 0.487037 0.813449 0.026504 0.060426
0 0.028601 0.694156 0.016285 0.037557
0 0.888581 0.860096 0.038577 0.061074
0 0.379976 0.841917 0.019932 0.057728
0 0.347609 0.842289 0.023371 0.060813
0 0.192277 0.819454 0.021211 0.063134
0 0.178575 0.600710 0.013654 0.029710
0 0.683889 0.860417 0.031850 0.061485
0 0.735434 0.864384 0.018190 0.053274
0 0.969732 0.746178 0.014540 0.039639
0 0.807177 0.570626 0.010376 0.026184
0 0.129918 0.849228 0.033107 0.060781
0 0.908619 0.746500 0.016121 0.040623
0 0.738699 0.797028 0.021098 0.046081
0 0.708023 0.863669 0.019240 0.051793