0 0.196922 0.533247 0.107310 0.237748
0 0.201166 0.397425 0.103569 0.166948
0 0.777590 0.520380 0.099453 0.243719
0 0.791834 0.403416 0.091468 0.128693
0 0.302243 0.526240 0.118043 0.234678
0 0.508426 0.482457 0.091182 0.136796
0 0.457307 0.601846 0.148950 0.150550
0 0.670363 0.524594 0.126896 0.242185
0 0.531264 0.397306 0.089894 0.149562
0 0.415674 0.479190 0.101646 0.143230
0 0.594804 0.479827 0.093182 0.137331
0 0.290254 0.393198 0.084294 0.147014
0 0.703149 0.396563 0.089194 0.130427
0 0.372997 0.408385 0.085850 0.180072
0 0.451410 0.396343 0.077568 0.147452
0 0.620120 0.370426 0.089257 0.135006