0 0.174471 0.674349 0.111608 0.250104
0 0.081798 0.662847 0.110421 0.235690
0 0.398702 0.638906 0.055067 0.177497
0 0.557111 0.601581 0.036265 0.100011
0 0.359232 0.636358 0.055169 0.166755
0 0.437974 0.621988 0.042262 0.135350
0 0.743822 0.604425 0.038096 0.106695
0 0.032804 0.647712 0.063300 0.184258
0 0.801186 0.603889 0.038819 0.091670
0 0.495226 0.612855 0.041429 0.118594
0 0.771095 0.601175 0.025519 0.085619
0 0.602435 0.606046 0.036360 0.105256
0 0.627961 0.605280 0.026686 0.093101
0 0.266181 0.616001 0.031532 0.083809