0 0.285379 0.674275 0.161141 0.313810
0 0.061313 0.604887 0.077505 0.203269
0 0.434139 0.689381 0.130402 0.284242
0 0.535126 0.687786 0.097383 0.287385
0 0.122363 0.611259 0.056758 0.157848
0 0.204570 0.609900 0.058194 0.187005
0 0.655937 0.600726 0.052344 0.134922
0 0.016037 0.585847 0.032071 0.100578
0 0.391852 0.590940 0.034379 0.115656
0 0.832880 0.596149 0.040255 0.113215
0 0.981926 0.605874 0.033023 0.100947
0 0.793363 0.602226 0.045477 0.114107
0 0.366193 0.584693 0.025915 0.091608
0 0.169603 0.566246 0.029861 0.074204