0 0.188543 0.595086 0.119146 0.162367
0 0.759361 0.592871 0.180103 0.153007
0 0.725609 0.478260 0.062299 0.269270
0 0.309533 0.476176 0.074838 0.232342
0 0.247788 0.504479 0.077805 0.275128
0 0.307707 0.601659 0.107248 0.132100
0 0.380702 0.464253 0.092700 0.229176
0 0.361684 0.601000 0.092706 0.136702
0 0.443542 0.473029 0.091231 0.275084
0 0.534255 0.503545 0.079656 0.234905
0 0.657778 0.480064 0.060271 0.259099
0 0.610098 0.601162 0.086588 0.129910
0 0.598064 0.502119 0.052453 0.221105
0 0.677254 0.597145 0.108514 0.143097
0 0.547178 0.595974 0.098998 0.140720
0 0.412708 0.600492 0.086426 0.132474