0 0.254806 0.672764 0.054689 0.123545
0 0.418090 0.746123 0.047889 0.138488
0 0.477387 0.753739 0.043751 0.125842
0 0.676719 0.443904 0.029024 0.093103
0 0.755988 0.573725 0.040647 0.113949
0 0.745126 0.733872 0.051967 0.121405
0 0.576126 0.709385 0.037310 0.119346
0 0.380923 0.433235 0.032144 0.078867
0 0.434429 0.617233 0.040915 0.111310
0 0.691774 0.685547 0.036139 0.112906
0 0.325474 0.367451 0.023482 0.071220
0 0.478565 0.591076 0.031593 0.078011
0 0.329219 0.462058 0.022781 0.072734
0 0.582580 0.567268 0.046645 0.111037
0 0.351257 0.817879 0.032425 0.030124
0 0.766542 0.483018 0.045387 0.086460
0 0.561752 0.591952 0.031727 0.087213
0 0.314217 0.433164 0.025737 0.078681
0 0.840077 0.570347 0.046208 0.115447