0 0.895761 0.635843 0.083614 0.214049
0 0.269633 0.657708 0.097797 0.317903
0 0.369440 0.665555 0.119688 0.306808
0 0.161951 0.657378 0.098507 0.308907
0 0.836535 0.650951 0.074022 0.254295
0 0.668966 0.663196 0.081585 0.236444
0 0.098119 0.692916 0.106581 0.222408
0 0.590728 0.663541 0.083189 0.246183
0 0.027434 0.608381 0.054757 0.200024
0 0.771799 0.659057 0.087883 0.248351
0 0.465814 0.721410 0.110268 0.169475
0 0.722534 0.658161 0.058756 0.221704
0 0.498459 0.655106 0.131669 0.284613
0 0.105802 0.566632 0.063181 0.122225
0 0.259917 0.514456 0.060440 0.087177