0 0.372554 0.773355 0.201577 0.204744
0 0.262346 0.721354 0.108825 0.103163
0 0.119640 0.651037 0.052434 0.067523
0 0.195827 0.659398 0.040941 0.057645
0 0.076822 0.682060 0.083815 0.122943
0 0.224029 0.665877 0.050672 0.066592
0 0.415614 0.654563 0.042882 0.043987
0 0.331240 0.712029 0.054733 0.100075
0 0.664217 0.610443 0.047715 0.051640
0 0.696617 0.665983 0.052404 0.064862
0 0.800307 0.649155 0.035108 0.048884
0 0.914104 0.642877 0.032449 0.033556
0 0.028118 0.670813 0.050413 0.080385
0 0.473750 0.637942 0.051291 0.070124