0 0.117405 0.599225 0.148972 0.234692
0 0.215454 0.569461 0.137647 0.184246
0 0.848622 0.456589 0.104978 0.154682
0 0.341413 0.594038 0.109249 0.226866
0 0.146229 0.375535 0.095538 0.221325
0 0.883937 0.597219 0.109538 0.214658
0 0.434465 0.586703 0.130313 0.227313
0 0.545010 0.595434 0.095731 0.219652
0 0.634495 0.593321 0.093970 0.220484
0 0.795451 0.597616 0.110596 0.227993
0 0.712072 0.590895 0.094317 0.226037
0 0.273698 0.346672 0.086545 0.167065
0 0.271434 0.497811 0.114828 0.222246
0 0.562033 0.456587 0.092210 0.165622
0 0.818877 0.353960 0.081594 0.177715
0 0.681243 0.355859 0.089219 0.186579
0 0.751978 0.357262 0.078236 0.182609
0 0.194662 0.475476 0.107392 0.153305
0 0.208745 0.354863 0.076745 0.153719
0 0.343784 0.346757 0.077609 0.161812
0 0.769725 0.469889 0.062484 0.135328
0 0.427112 0.466822 0.076886 0.150544
0 0.708483 0.475269 0.083022 0.120965
0 0.412246 0.356152 0.081433 0.158217
0 0.359681 0.465452 0.088837 0.158855