0 0.264625 0.700457 0.077175 0.197374
0 0.203999 0.731204 0.088390 0.134741
0 0.730610 0.739123 0.115232 0.120185
0 0.961299 0.552542 0.045781 0.150707
0 0.751925 0.586139 0.064376 0.155038
0 0.836732 0.745060 0.100645 0.107792
0 0.100203 0.733467 0.084621 0.130315
0 0.128805 0.672530 0.064669 0.166808
0 0.018203 0.725269 0.036202 0.143044
0 0.291467 0.485503 0.040928 0.114231
0 0.429331 0.690076 0.063806 0.217045
0 0.585964 0.582573 0.078423 0.178244
0 0.901085 0.606753 0.056906 0.111043
0 0.382772 0.696572 0.054994 0.203287
0 0.175930 0.637166 0.062830 0.162977
0 0.675758 0.600948 0.045713 0.127279