0 0.803691 0.645003 0.115074 0.152844
0 0.913478 0.645092 0.098999 0.152113
0 0.236259 0.644218 0.116996 0.155039
0 0.701939 0.643117 0.094383 0.159144
0 0.604369 0.633910 0.101480 0.175474
0 0.066443 0.645369 0.099203 0.153029
0 0.343255 0.641072 0.104016 0.162553
0 0.509330 0.633422 0.100715 0.175713
0 0.146178 0.646905 0.098812 0.151523
0 0.421270 0.637473 0.080022 0.169565
0 0.267827 0.400966 0.088230 0.182752
0 0.442555 0.477714 0.106789 0.160346
0 0.846436 0.581677 0.105090 0.181247
0 0.728126 0.399908 0.104010 0.191060
0 0.365359 0.388199 0.110153 0.197670
0 0.892622 0.511178 0.095574 0.157104
0 0.254364 0.507875 0.075009 0.146265
0 0.629117 0.394892 0.110879 0.196910
0 0.538946 0.478715 0.085476 0.152786
0 0.294353 0.565928 0.070809 0.147664
0 0.757116 0.584653 0.066772 0.176740