0 0.740664 0.696860 0.132915 0.347165
0 0.239695 0.732786 0.106758 0.280565
0 0.121673 0.698240 0.102695 0.282851
0 0.902296 0.409476 0.078312 0.246298
0 0.597339 0.608511 0.062440 0.207616
0 0.354508 0.653037 0.081009 0.224782
0 0.439490 0.651929 0.067118 0.220482
0 0.069847 0.668320 0.068422 0.228159
0 0.841532 0.516999 0.106568 0.179398
0 0.198720 0.688922 0.089867 0.260197
0 0.858742 0.388323 0.043092 0.143803
0 0.502807 0.645134 0.057971 0.187148
0 0.690213 0.521042 0.084128 0.108758
0 0.773517 0.507878 0.083761 0.150168
0 0.293975 0.636080 0.055915 0.145067