0 0.859191 0.698498 0.063198 0.150002
0 0.160210 0.667749 0.045880 0.095104
0 0.806509 0.704570 0.048209 0.133216
0 0.422241 0.699648 0.051334 0.180587
0 0.354900 0.667127 0.021060 0.056759
0 0.668598 0.686216 0.032472 0.096894
0 0.631363 0.678645 0.036407 0.092652
0 0.484668 0.669848 0.022912 0.064463
0 0.522074 0.670139 0.023359 0.065829
0 0.987867 0.667513 0.021140 0.061010
0 0.924141 0.672268 0.016743 0.045583
0 0.907525 0.670381 0.017525 0.049044
0 0.287087 0.658935 0.015717 0.040210
0 0.387468 0.669512 0.016494 0.056353
0 0.951876 0.668211 0.016578 0.041778
0 0.454011 0.670807 0.021732 0.064216