0 0.425961 0.622000 0.182928 0.353745
0 0.587914 0.618696 0.171525 0.357884
0 0.303047 0.622450 0.116493 0.341060
0 0.119288 0.480456 0.119680 0.372396
0 0.876464 0.478215 0.102807 0.371627
0 0.221807 0.614718 0.105244 0.316758
0 0.698811 0.622686 0.118427 0.343277
0 0.327593 0.414893 0.122300 0.261428
0 0.783790 0.612155 0.101218 0.322164
0 0.260937 0.411730 0.080306 0.256607
0 0.665556 0.412011 0.113321 0.250785
0 0.189580 0.463859 0.094624 0.357019
0 0.732548 0.413224 0.091533 0.255825
0 0.565201 0.516251 0.137084 0.467550
0 0.814436 0.422779 0.097075 0.270489
0 0.471788 0.407729 0.200930 0.256530