0 0.111517 0.706910 0.089143 0.191491
0 0.034890 0.685010 0.041192 0.132383
0 0.880835 0.652291 0.047096 0.119639
0 0.406568 0.677225 0.060080 0.141849
0 0.353924 0.651169 0.028916 0.078125
0 0.498700 0.721367 0.058553 0.153028
0 0.213799 0.681462 0.063889 0.141581
0 0.733598 0.649773 0.037092 0.096566
0 0.554420 0.625682 0.016582 0.047061
0 0.691619 0.645142 0.028375 0.092214
0 0.633349 0.619598 0.015789 0.050529
0 0.165110 0.661476 0.028065 0.074929
0 0.473941 0.686480 0.046551 0.177131
0 0.778917 0.637327 0.025807 0.063320
0 0.834308 0.636280 0.024702 0.076553
0 0.444962 0.676256 0.036382 0.137635
0 0.814741 0.634066 0.025205 0.071177
0 0.712095 0.644673 0.024095 0.098289