0 0.682722 0.674024 0.174095 0.261718
0 0.884543 0.719672 0.227788 0.175062
0 0.432717 0.658776 0.127644 0.293742
0 0.573798 0.645187 0.110698 0.321345
0 0.291400 0.608111 0.110280 0.376307
0 0.099285 0.722552 0.198571 0.173625
0 0.491352 0.556777 0.097743 0.288899
0 0.105119 0.516855 0.107269 0.127390
0 0.190612 0.621358 0.091696 0.286890
0 0.634078 0.565736 0.065495 0.165016
0 0.909694 0.579198 0.157915 0.184029
0 0.739821 0.590035 0.080571 0.180403
0 0.119397 0.641422 0.145668 0.222574
0 0.382722 0.595886 0.090143 0.266521
0 0.786571 0.527000 0.094535 0.206546