0 0.549695 0.681991 0.143816 0.233643
0 0.245042 0.653083 0.075817 0.226326
0 0.458810 0.658931 0.070100 0.169392
0 0.338435 0.683954 0.170561 0.228075
0 0.649055 0.683515 0.098848 0.229163
0 0.073530 0.670780 0.119743 0.257352
0 0.172128 0.668372 0.115368 0.261077
0 0.935495 0.613915 0.061856 0.166398
0 0.716451 0.593058 0.057339 0.133919
0 0.614933 0.582296 0.041929 0.086818
0 0.017658 0.671069 0.034813 0.240941
0 0.418885 0.581837 0.030793 0.096665
0 0.757672 0.558192 0.022058 0.045046
0 0.376332 0.609737 0.064063 0.152340