0 0.101983 0.637186 0.177413 0.277347
0 0.248053 0.657457 0.164194 0.243739
0 0.936297 0.703095 0.124282 0.150646
0 0.925139 0.564616 0.146597 0.307663
0 0.744731 0.545944 0.125747 0.310409
0 0.821520 0.584058 0.102388 0.384123
0 0.723689 0.693298 0.155785 0.173036
0 0.369780 0.671772 0.135406 0.212180
0 0.335980 0.523291 0.141047 0.249617
0 0.591570 0.703027 0.126362 0.153243
0 0.645747 0.549013 0.086209 0.312272
0 0.475530 0.679007 0.140018 0.201145
0 0.076184 0.460558 0.147112 0.236583
0 0.212239 0.511700 0.111265 0.198094
0 0.469349 0.530860 0.108294 0.238827
0 0.564986 0.556239 0.098075 0.291402
0 0.390625 0.470220 0.086260 0.201134
0 0.274517 0.456524 0.067635 0.155288
0 0.479985 0.429640 0.104302 0.128799
0 0.180588 0.424155 0.067900 0.138203