0 0.310701 0.681791 0.032393 0.111149
0 0.464194 0.689062 0.037846 0.115556
0 0.143227 0.683876 0.031469 0.098181
0 0.522470 0.693480 0.042390 0.125973
0 0.232189 0.687616 0.031659 0.103391
0 0.367973 0.689142 0.042687 0.130644
0 0.623033 0.688611 0.035854 0.117834
0 0.189463 0.686661 0.026377 0.104205
0 0.691074 0.691836 0.029770 0.114345
0 0.806267 0.692898 0.036392 0.122718
0 0.081738 0.679631 0.029519 0.112243
0 0.103490 0.685789 0.027112 0.100673
0 0.960110 0.692962 0.032223 0.104433
0 0.015492 0.678902 0.030876 0.102376
0 0.877925 0.698788 0.036208 0.118127
0 0.905165 0.702809 0.029745 0.108439
0 0.598298 0.704657 0.033530 0.111170
0 0.918237 0.700254 0.027704 0.105751
0 0.831421 0.702992 0.026514 0.104857