0 0.811052 0.692111 0.034641 0.108948
0 0.472355 0.706861 0.050168 0.104979
0 0.515646 0.725084 0.046019 0.145034
0 0.342512 0.727679 0.049441 0.129441
0 0.071965 0.756484 0.039308 0.084538
0 0.569390 0.740430 0.041967 0.106926
0 0.112404 0.739238 0.048843 0.117028
0 0.767303 0.684179 0.027767 0.083022
0 0.732481 0.664598 0.033970 0.095309
0 0.985233 0.574917 0.026409 0.075875
0 0.707235 0.682387 0.029341 0.089566
0 0.259832 0.749012 0.038729 0.099141
0 0.022990 0.722713 0.041041 0.073872
0 0.443395 0.649329 0.036728 0.082069