0 0.555793 0.726709 0.136854 0.287740
0 0.440351 0.736030 0.108172 0.264448
0 0.301758 0.705210 0.067982 0.242051
0 0.878541 0.728958 0.086734 0.283264
0 0.246564 0.669648 0.065992 0.194156
0 0.970344 0.695831 0.056188 0.226997
0 0.086343 0.679295 0.063828 0.201720
0 0.385412 0.681650 0.051743 0.210029
0 0.155867 0.657189 0.042442 0.136179
0 0.690865 0.677208 0.061643 0.179567
0 0.604049 0.665700 0.042769 0.164501
0 0.935537 0.684799 0.043217 0.208738
0 0.043420 0.700814 0.065667 0.158958
0 0.842735 0.656679 0.045944 0.169289