0 0.932791 0.586633 0.131293 0.416195
0 0.803488 0.662230 0.227248 0.266019
0 0.211864 0.592370 0.290906 0.376929
0 0.773457 0.493392 0.236814 0.218835
0 0.551985 0.568612 0.183957 0.335785
0 0.627501 0.460957 0.094435 0.184580
0 0.644589 0.639438 0.155652 0.169443
0 0.365258 0.598406 0.300324 0.393651
0 0.649048 0.751076 0.300873 0.091659
0 0.179943 0.767731 0.225136 0.059454
0 0.911414 0.393755 0.071805 0.082502
0 0.038235 0.648829 0.075956 0.287457
0 0.025102 0.712660 0.049475 0.163484
0 0.917086 0.514881 0.093684 0.167559