0 0.598322 0.759989 0.099818 0.306926
0 0.380250 0.857328 0.108966 0.174038
0 0.478514 0.721558 0.044481 0.085572
0 0.168145 0.753669 0.052418 0.198425
0 0.204232 0.728217 0.048094 0.183837
0 0.345726 0.715251 0.058678 0.123275
0 0.756515 0.716582 0.029435 0.061663
0 0.248004 0.678960 0.020696 0.052441
0 0.305764 0.665700 0.016822 0.044287
0 0.759404 0.641290 0.014525 0.037157
0 0.651631 0.714457 0.018051 0.078306
0 0.784007 0.722705 0.019367 0.040847
0 0.269807 0.670156 0.017752 0.042330
0 0.671855 0.636043 0.016410 0.042901