0 0.741765 0.728507 0.194505 0.206726
0 0.606989 0.791761 0.106183 0.085505
0 0.023328 0.735771 0.046487 0.194319
0 0.251842 0.738232 0.057956 0.188365
0 0.913183 0.688984 0.038415 0.109100
0 0.313996 0.780382 0.080507 0.106896
0 0.096292 0.726849 0.062966 0.182687
0 0.975744 0.691669 0.043885 0.115447
0 0.300887 0.695532 0.059490 0.164225
0 0.355321 0.678050 0.032643 0.100650
0 0.649413 0.679105 0.032125 0.095989
0 0.946523 0.663389 0.024751 0.069549
0 0.612980 0.670193 0.028077 0.077678
0 0.852140 0.670386 0.024136 0.067255
0 0.186823 0.662142 0.021614 0.069294
0 0.057639 0.677950 0.034413 0.101592
0 0.990550 0.691329 0.015775 0.111795
0 0.157884 0.660997 0.018335 0.066603
0 0.142028 0.659603 0.023817 0.066920