0 0.416574 0.692919 0.152417 0.349343
0 0.822515 0.746153 0.242002 0.248203
0 0.087279 0.616090 0.095693 0.265408
0 0.623382 0.652503 0.103469 0.302952
0 0.749425 0.660010 0.104776 0.314394
0 0.315662 0.666425 0.095921 0.286158
0 0.181740 0.593739 0.066315 0.266974
0 0.977590 0.655963 0.041695 0.161452
0 0.527849 0.645622 0.084817 0.279571
0 0.028094 0.599276 0.055159 0.218572
0 0.985646 0.543028 0.025583 0.107305
0 0.858673 0.564853 0.099653 0.143552
0 0.492193 0.570524 0.038955 0.122327
0 0.130796 0.581469 0.048868 0.214570
0 0.953513 0.524735 0.023517 0.072201