0 0.845183 0.568742 0.203158 0.517686
0 0.474447 0.570430 0.379508 0.338825
0 0.188939 0.571601 0.259888 0.469672
0 0.754303 0.225486 0.084276 0.091335
0 0.852914 0.227642 0.086843 0.098334
0 0.110379 0.293329 0.077743 0.069387
0 0.465240 0.232042 0.089715 0.081356
0 0.912579 0.272481 0.095935 0.086012
0 0.157011 0.263255 0.088408 0.114184
0 0.376659 0.230231 0.088160 0.087042
0 0.624331 0.248027 0.086559 0.082018
0 0.982851 0.277730 0.031174 0.077164
0 0.044848 0.271716 0.066075 0.109786
0 0.530702 0.238681 0.080141 0.067473
0 0.680911 0.215501 0.092260 0.092494