0 0.163451 0.551403 0.100004 0.242509
0 0.248366 0.557239 0.080681 0.223435
0 0.507680 0.560716 0.087618 0.217037
0 0.579756 0.552021 0.080163 0.237080
0 0.934364 0.564362 0.099542 0.209522
0 0.385826 0.558204 0.098560 0.225385
0 0.716766 0.557166 0.084894 0.222950
0 0.653816 0.561983 0.087388 0.217896
0 0.088898 0.550980 0.095265 0.236760
0 0.792673 0.561555 0.087920 0.214657
0 0.318788 0.556390 0.070027 0.226537
0 0.033111 0.523286 0.066222 0.223518
0 0.854304 0.561607 0.071053 0.215507
0 0.446109 0.558286 0.065939 0.211241
0 0.827820 0.441462 0.081747 0.122782
0 0.708964 0.449274 0.073336 0.107291
0 0.260961 0.448570 0.070325 0.127464
0 0.404253 0.440124 0.078456 0.111939
0 0.762594 0.449941 0.067881 0.115524
0 0.327741 0.442438 0.076728 0.116672