0 0.100840 0.645140 0.098028 0.155467
0 0.846558 0.611286 0.070215 0.271747
0 0.732079 0.605463 0.075839 0.254682
0 0.796668 0.598697 0.073135 0.269390
0 0.637847 0.651757 0.079081 0.199752
0 0.182706 0.642507 0.073190 0.167142
0 0.250306 0.648700 0.070794 0.157883
0 0.341934 0.652457 0.086952 0.151769
0 0.228654 0.565232 0.054805 0.179746
0 0.169356 0.552839 0.064600 0.122626
0 0.593832 0.543255 0.050072 0.153506
0 0.555136 0.570239 0.068007 0.167298
0 0.281102 0.590629 0.064347 0.213586
0 0.496976 0.682367 0.097838 0.160320
0 0.474401 0.548129 0.082601 0.171249
0 0.682401 0.609636 0.057144 0.233015
0 0.395807 0.575787 0.061086 0.183997
0 0.332313 0.573180 0.060727 0.170620
0 0.569427 0.662392 0.074132 0.159886