0 0.623015 0.626498 0.183468 0.468668
0 0.818601 0.559852 0.138089 0.261254
0 0.329928 0.639174 0.141396 0.464242
0 0.732041 0.538429 0.069215 0.164626
0 0.507057 0.664484 0.107876 0.406659
0 0.425678 0.666178 0.109940 0.407559
0 0.776807 0.530197 0.052214 0.172996
0 0.082347 0.536006 0.034182 0.091148
0 0.972180 0.514714 0.036143 0.089183
0 0.987199 0.511394 0.022477 0.083724
0 0.122879 0.532630 0.035946 0.091395
0 0.669756 0.528067 0.055246 0.141174
0 0.182639 0.516538 0.017142 0.045370
0 0.014049 0.519181 0.017165 0.046331
0 0.214746 0.521243 0.021417 0.058271
0 0.152528 0.517161 0.018317 0.051385
0 0.230904 0.520928 0.017476 0.060130
0 0.254410 0.517599 0.018153 0.053070
0 0.277957 0.517132 0.018486 0.056832