0 0.209088 0.819569 0.089306 0.110855
0 0.314051 0.813673 0.080148 0.121586
0 0.129361 0.816540 0.078833 0.115007
0 0.735483 0.820957 0.086712 0.106990
0 0.480495 0.823605 0.097536 0.102670
0 0.818101 0.808296 0.063664 0.119118
0 0.958988 0.790721 0.078899 0.121983
0 0.023141 0.836793 0.046138 0.073832
0 0.396545 0.833818 0.070862 0.082331
0 0.047417 0.621798 0.014785 0.038329
0 0.881205 0.792280 0.056736 0.089373
0 0.071011 0.833120 0.065417 0.081989
0 0.929277 0.833764 0.062486 0.080782
0 0.581483 0.819039 0.081175 0.109960
0 0.867222 0.840374 0.092358 0.068845
0 0.261072 0.811594 0.046168 0.083262
0 0.677598 0.793265 0.045406 0.078929
0 0.791214 0.840099 0.051978 0.067156
0 0.648127 0.857055 0.066379 0.036000
0 0.668770 0.827937 0.064802 0.091570