0 0.883823 0.719265 0.085918 0.198788
0 0.325146 0.702885 0.082989 0.232262
0 0.806977 0.697975 0.053806 0.242230
0 0.018034 0.663049 0.035815 0.190499
0 0.240733 0.627180 0.068021 0.191043
0 0.750207 0.720630 0.090421 0.195937
0 0.930673 0.693967 0.069705 0.243805
0 0.982968 0.695201 0.030940 0.226056
0 0.098689 0.644046 0.044419 0.187572
0 0.409505 0.717724 0.067630 0.202045
0 0.471388 0.653314 0.059029 0.204402
0 0.568773 0.707313 0.062402 0.219879
0 0.158781 0.642153 0.069873 0.190357
0 0.624254 0.720698 0.097974 0.196496
0 0.510877 0.681564 0.053129 0.196208