0 0.767985 0.661920 0.067591 0.192695
0 0.205942 0.640748 0.053449 0.205392
0 0.615270 0.633246 0.050355 0.148264
0 0.448045 0.652203 0.057758 0.183623
0 0.398642 0.647791 0.054889 0.191349
0 0.657876 0.630502 0.044095 0.165589
0 0.828526 0.617119 0.038483 0.129096
0 0.158723 0.662836 0.054737 0.212886
0 0.105924 0.658260 0.070551 0.232384
0 0.032121 0.671326 0.063914 0.249044
0 0.367529 0.644350 0.041065 0.164452
0 0.986233 0.642933 0.024409 0.145002
0 0.299986 0.606809 0.035629 0.103518
0 0.714028 0.608228 0.036875 0.130757
0 0.488821 0.624448 0.040549 0.130788
0 0.685571 0.612852 0.031342 0.122026