0 0.055403 0.544490 0.108551 0.121301
0 0.716687 0.541595 0.100371 0.135058
0 0.898361 0.546942 0.097577 0.126485
0 0.437131 0.538632 0.098837 0.141425
0 0.280819 0.547492 0.091154 0.119457
0 0.212923 0.544575 0.076428 0.123275
0 0.139123 0.548724 0.079919 0.117051
0 0.617488 0.551519 0.091061 0.119727
0 0.526224 0.544481 0.079692 0.129591
0 0.778293 0.545769 0.082316 0.127824
0 0.947546 0.497995 0.091226 0.150976
0 0.361811 0.480520 0.079185 0.146679
0 0.291119 0.468178 0.074917 0.155652
0 0.675350 0.485312 0.070920 0.165697
0 0.519143 0.484408 0.080031 0.139695
0 0.595923 0.483899 0.070399 0.142896
0 0.346690 0.551443 0.074619 0.119329
0 0.806814 0.502346 0.088374 0.203153
0 0.441507 0.470231 0.071808 0.123001
0 0.109357 0.464757 0.084451 0.149502
0 0.737408 0.465960 0.060714 0.105774