0 0.243077 0.685066 0.151008 0.226686
0 0.847449 0.690991 0.118019 0.209564
0 0.731424 0.695869 0.147804 0.199147
0 0.170154 0.616195 0.109527 0.355104
0 0.603832 0.680323 0.127726 0.227766
0 0.483278 0.692227 0.125109 0.208110
0 0.374284 0.697067 0.121765 0.200390
0 0.271193 0.562577 0.096881 0.212631
0 0.678081 0.575266 0.096142 0.225776
0 0.421830 0.564152 0.079250 0.187714
0 0.761230 0.562290 0.075797 0.188175
0 0.502767 0.560487 0.081601 0.201798
0 0.586524 0.554599 0.095273 0.209553
0 0.349339 0.559932 0.069246 0.186580
0 0.855670 0.581199 0.142795 0.216490
0 0.943110 0.502339 0.033331 0.051594