0 0.736386 0.534001 0.458331 0.489046
0 0.429027 0.504965 0.349337 0.474517
0 0.763659 0.305407 0.112132 0.171814
0 0.687693 0.304370 0.081282 0.163191
0 0.211861 0.331654 0.082193 0.084375
0 0.621382 0.305265 0.101628 0.144720
0 0.022212 0.294385 0.044143 0.149772
0 0.103633 0.328141 0.087161 0.091766
0 0.845260 0.318566 0.074306 0.140615
0 0.143418 0.293720 0.084084 0.133452
0 0.248669 0.296190 0.073281 0.152250
0 0.914932 0.316258 0.104020 0.150709
0 0.977565 0.350736 0.041745 0.079090
0 0.521794 0.310571 0.088251 0.133635