0 0.605638 0.630175 0.059338 0.156506
0 0.901977 0.662941 0.033260 0.091517
0 0.822491 0.634194 0.043080 0.098485
0 0.152599 0.574157 0.029321 0.084913
0 0.553083 0.651936 0.043691 0.114099
0 0.926587 0.657377 0.029185 0.098380
0 0.502787 0.639497 0.048738 0.143605
0 0.315116 0.598619 0.023650 0.064343
0 0.046040 0.554205 0.024156 0.051787
0 0.178020 0.584318 0.022211 0.040130
0 0.960136 0.660843 0.033010 0.092724
0 0.882900 0.610964 0.023121 0.067717
0 0.942897 0.623500 0.028650 0.087063
0 0.384983 0.596722 0.017867 0.058571
0 0.334641 0.598205 0.019710 0.064995
0 0.464715 0.602743 0.023832 0.071837
0 0.261747 0.588609 0.019816 0.034402
0 0.783253 0.610067 0.016798 0.049983