0 0.090956 0.719390 0.029272 0.086982
0 0.767339 0.758471 0.035626 0.098905
0 0.651179 0.752701 0.038836 0.093703
0 0.436416 0.629703 0.029664 0.077816
0 0.836452 0.753961 0.052061 0.083232
0 0.305463 0.748900 0.032832 0.101629
0 0.711462 0.727757 0.029590 0.062271
0 0.274686 0.736969 0.034512 0.088899
0 0.673203 0.660176 0.025425 0.058901
0 0.396577 0.746923 0.033146 0.090981
0 0.937923 0.677128 0.028119 0.061483
0 0.209144 0.650051 0.029058 0.064093
0 0.345568 0.752503 0.037094 0.071047
0 0.117991 0.672514 0.027168 0.084880
0 0.730573 0.683943 0.028558 0.045126
0 0.480200 0.754006 0.021875 0.077618
0 0.419373 0.746475 0.027223 0.082959
0 0.252432 0.626603 0.029014 0.072456