0 0.366631 0.621358 0.050805 0.155952
0 0.510215 0.656609 0.080307 0.207399
0 0.600757 0.649620 0.076499 0.215985
0 0.026565 0.605681 0.051773 0.088966
0 0.682612 0.658840 0.063719 0.197656
0 0.857158 0.643107 0.047738 0.220270
0 0.819458 0.651090 0.073892 0.225321
0 0.127497 0.618484 0.076529 0.108271
0 0.752091 0.652950 0.053065 0.205999
0 0.251062 0.634212 0.038340 0.102343
0 0.276580 0.610254 0.042089 0.122320
0 0.079246 0.622620 0.024969 0.058557
0 0.056298 0.606033 0.023220 0.078028
0 0.788443 0.652404 0.036302 0.193409
0 0.102051 0.603206 0.036844 0.104040