0 0.312660 0.636092 0.442088 0.284655
0 0.096574 0.438712 0.190934 0.324922
0 0.650517 0.464965 0.215336 0.212112
0 0.958171 0.658794 0.080533 0.238454
0 0.802037 0.598199 0.323909 0.316836
0 0.721349 0.686694 0.215645 0.182902
0 0.572838 0.396576 0.118839 0.143415
0 0.327825 0.388314 0.097810 0.144908
0 0.573076 0.286050 0.068871 0.103722
0 0.613380 0.415779 0.140545 0.139742
0 0.649269 0.403045 0.068619 0.117230
0 0.299596 0.532235 0.278977 0.288017
0 0.373101 0.297620 0.109645 0.120323
0 0.207654 0.449189 0.095878 0.114220