0 0.736356 0.654030 0.085865 0.246569
0 0.055250 0.664004 0.093453 0.278619
0 0.524813 0.650170 0.086706 0.256888
0 0.127319 0.675473 0.108733 0.258428
0 0.242720 0.661631 0.073118 0.236618
0 0.588577 0.646480 0.071352 0.251421
0 0.644980 0.659556 0.060555 0.216835
0 0.320494 0.664341 0.081838 0.229546
0 0.945818 0.610506 0.060762 0.079258
0 0.846601 0.608445 0.041545 0.081564
0 0.886633 0.614677 0.041999 0.069620
0 0.438257 0.601990 0.028452 0.094566
0 0.408581 0.597087 0.037215 0.101137
0 0.464732 0.601047 0.033895 0.098753