0 0.112544 0.665128 0.049137 0.127907
0 0.380808 0.655937 0.029803 0.117101
0 0.712626 0.671298 0.045064 0.124781
0 0.080843 0.671474 0.036126 0.108960
0 0.683600 0.666316 0.026451 0.105026
0 0.853160 0.667465 0.051059 0.131484
0 0.299336 0.650061 0.025730 0.065891
0 0.434985 0.661753 0.035064 0.089066
0 0.614698 0.659348 0.033211 0.107883
0 0.653253 0.662873 0.033851 0.116602
0 0.005407 0.662654 0.010725 0.075329
0 0.206404 0.657476 0.038947 0.080122
0 0.325673 0.656317 0.024187 0.055653
0 0.403855 0.645840 0.015256 0.048891
0 0.803224 0.652868 0.025009 0.064663