0 0.135276 0.593936 0.270540 0.401481
0 0.405733 0.622393 0.111478 0.348285
0 0.621433 0.649168 0.187047 0.291326
0 0.900301 0.640468 0.099891 0.304326
0 0.727245 0.630706 0.127012 0.328291
0 0.543720 0.580261 0.095576 0.303642
0 0.473524 0.582522 0.066446 0.298042
0 0.062606 0.621410 0.124970 0.340195
0 0.281391 0.517443 0.100893 0.172569
0 0.341066 0.600487 0.062536 0.318105
0 0.853037 0.625287 0.093139 0.298693
0 0.942802 0.726645 0.111270 0.143313
0 0.777477 0.616320 0.077766 0.329098
0 0.958580 0.520827 0.079715 0.146519