0 0.832061 0.760896 0.147603 0.142632
0 0.298641 0.765747 0.046211 0.126638
0 0.891937 0.724447 0.077233 0.202544
0 0.960064 0.773862 0.076747 0.115284
0 0.626587 0.670896 0.059328 0.148675
0 0.821969 0.685411 0.065051 0.125994
0 0.350256 0.786202 0.101571 0.092620
0 0.409303 0.681715 0.048361 0.133929
0 0.392414 0.755237 0.079433 0.132887
0 0.675055 0.676477 0.054498 0.128154
0 0.934726 0.648101 0.035814 0.093290
0 0.480923 0.770050 0.063401 0.125479
0 0.711819 0.769759 0.097543 0.125858
0 0.597039 0.769731 0.100069 0.124963
0 0.496608 0.680812 0.049668 0.129491