0 0.068049 0.736654 0.135449 0.187509
0 0.243156 0.742906 0.063052 0.172115
0 0.748347 0.740336 0.049843 0.183906
0 0.824517 0.764483 0.076345 0.137150
0 0.653466 0.738898 0.066421 0.188533
0 0.417807 0.755590 0.081367 0.154595
0 0.907384 0.748449 0.081449 0.167312
0 0.294640 0.738677 0.050131 0.165752
0 0.496388 0.750848 0.088273 0.163338
0 0.565799 0.741096 0.056647 0.187166
0 0.186774 0.714080 0.043188 0.139465
0 0.717140 0.701209 0.038248 0.110195
0 0.981572 0.756357 0.033730 0.150951
0 0.620037 0.704543 0.038213 0.122858
0 0.114309 0.708549 0.049557 0.126450