0 0.126625 0.746730 0.106136 0.171873
0 0.611706 0.734503 0.096138 0.195069
0 0.427114 0.730732 0.093394 0.205904
0 0.076243 0.673068 0.065518 0.175277
0 0.231680 0.729381 0.052493 0.200149
0 0.571846 0.651008 0.045960 0.136946
0 0.493268 0.744741 0.069210 0.155068
0 0.049481 0.594344 0.023680 0.044619
0 0.466473 0.658655 0.045401 0.128134
0 0.370227 0.610312 0.031999 0.105147
0 0.263685 0.682163 0.048168 0.160332
0 0.523750 0.690997 0.035841 0.101830
0 0.414743 0.594960 0.035329 0.073456
0 0.485792 0.565262 0.017021 0.047801