0 0.285991 0.612486 0.068806 0.183014
0 0.757494 0.593220 0.057939 0.182993
0 0.227964 0.600166 0.061691 0.185580
0 0.144208 0.579784 0.057092 0.159155
0 0.612394 0.571544 0.037636 0.115752
0 0.665071 0.561112 0.035855 0.113098
0 0.434380 0.619466 0.064412 0.249571
0 0.878947 0.540478 0.015711 0.062224
0 0.727596 0.553186 0.023058 0.090756
0 0.842087 0.534668 0.018605 0.053982
0 0.805571 0.528153 0.016722 0.040895
0 0.822426 0.527562 0.016825 0.042844
0 0.862413 0.537074 0.018997 0.064959
0 0.398904 0.587693 0.053309 0.155518