0 0.718417 0.694130 0.103649 0.292999
0 0.512000 0.623551 0.079694 0.227559
0 0.627526 0.613457 0.067796 0.203818
0 0.201421 0.710334 0.116679 0.323153
0 0.937835 0.612677 0.084463 0.186374
0 0.071174 0.654252 0.073848 0.245860
0 0.152893 0.652589 0.074489 0.265701
0 0.354451 0.646968 0.087233 0.244252
0 0.683256 0.601682 0.055844 0.200160
0 0.447897 0.629892 0.062868 0.202250
0 0.776693 0.622345 0.063637 0.228967
0 0.921605 0.785040 0.153664 0.180186
0 0.870826 0.648808 0.067862 0.255536
0 0.771904 0.804485 0.132374 0.139738
0 0.397452 0.611543 0.062815 0.216168
0 0.053519 0.689208 0.106516 0.349965
0 0.025941 0.625000 0.051510 0.221811
0 0.265842 0.602488 0.048025 0.175034
0 0.592112 0.595228 0.046840 0.187197
0 0.809123 0.591710 0.057346 0.199046