0 0.035920 0.695046 0.071841 0.186555
0 0.903828 0.713105 0.083372 0.169490
0 0.853043 0.689399 0.058374 0.188279
0 0.174203 0.717134 0.158338 0.163338
0 0.778205 0.708093 0.090267 0.175702
0 0.516204 0.675391 0.045005 0.118533
0 0.980521 0.692624 0.035834 0.116706
0 0.424526 0.659962 0.024942 0.090214
0 0.555654 0.666225 0.035230 0.129572
0 0.387498 0.657920 0.032792 0.098242
0 0.145171 0.693101 0.053660 0.159697
0 0.742504 0.676018 0.055107 0.121760
0 0.602096 0.642909 0.023892 0.072513
0 0.666885 0.646982 0.023401 0.078282
0 0.304271 0.633418 0.021994 0.067462
0 0.355397 0.648581 0.023421 0.073350