0 0.353003 0.650454 0.138191 0.311770
0 0.878013 0.648403 0.077128 0.204754
0 0.717670 0.645714 0.090251 0.252321
0 0.535504 0.578551 0.039434 0.091286
0 0.646119 0.654027 0.074632 0.240394
0 0.221501 0.575531 0.041478 0.120699
0 0.795306 0.628725 0.069002 0.195594
0 0.981868 0.605761 0.033139 0.186263
0 0.269659 0.571811 0.035190 0.096284
0 0.431615 0.578421 0.028635 0.088610
0 0.098580 0.582329 0.029492 0.086956
0 0.468032 0.571606 0.032314 0.091523
0 0.401799 0.569731 0.032789 0.083394
0 0.180996 0.581312 0.024538 0.102977
0 0.078246 0.585037 0.019911 0.057657
0 0.146326 0.583703 0.042300 0.099327
0 0.495361 0.577665 0.020467 0.058363
0 0.197219 0.574157 0.022461 0.114108
0 0.584505 0.580454 0.031045 0.093516