0 0.448129 0.683646 0.219135 0.290705
0 0.596813 0.666120 0.174509 0.323414
0 0.082922 0.490498 0.107027 0.080096
0 0.959403 0.500188 0.077132 0.183004
0 0.061419 0.720993 0.121859 0.213417
0 0.793787 0.556767 0.093508 0.195564
0 0.188576 0.481084 0.072167 0.075815
0 0.575604 0.472331 0.052437 0.057469
0 0.525297 0.470745 0.054458 0.064458
0 0.477583 0.470069 0.053367 0.072576
0 0.631731 0.479756 0.065856 0.085955
0 0.865034 0.546473 0.076859 0.171728
0 0.753375 0.595614 0.087888 0.228523
0 0.686301 0.660027 0.142198 0.301225
0 0.747168 0.449202 0.056074 0.071700
0 0.412194 0.460343 0.029551 0.043473
0 0.605807 0.446364 0.046495 0.075611