0 0.187701 0.556775 0.087346 0.213237
0 0.853931 0.626345 0.069273 0.226047
0 0.439136 0.722476 0.197592 0.095648
0 0.731170 0.635425 0.065442 0.215689
0 0.393504 0.625627 0.060866 0.219511
0 0.238776 0.560544 0.059825 0.210661
0 0.290388 0.642077 0.077928 0.212525
0 0.631416 0.633345 0.065843 0.180495
0 0.364420 0.445860 0.060354 0.115297
0 0.789293 0.636362 0.057949 0.199028
0 0.343335 0.639189 0.048958 0.204544
0 0.620631 0.715138 0.209933 0.087204
0 0.680072 0.636960 0.052657 0.192188
0 0.493703 0.612873 0.064065 0.182138
0 0.444061 0.615175 0.051821 0.191452
0 0.714541 0.448042 0.056963 0.100591
0 0.623589 0.448053 0.050243 0.105937
0 0.542545 0.609476 0.055627 0.175218