0 0.417723 0.628988 0.124850 0.070480
0 0.111086 0.677293 0.055087 0.040633
0 0.033835 0.676876 0.056833 0.048095
0 0.633960 0.665323 0.052783 0.043089
0 0.771187 0.671898 0.087782 0.118281
0 0.527617 0.645834 0.045610 0.078184
0 0.291840 0.598342 0.025298 0.029359
0 0.207466 0.712759 0.087303 0.040082
0 0.571027 0.638267 0.036691 0.027397
0 0.897332 0.619936 0.038592 0.042015
0 0.184373 0.630056 0.026659 0.049931
0 0.495195 0.593625 0.018725 0.018579
0 0.667051 0.636770 0.034840 0.026689
0 0.948510 0.607433 0.033265 0.028932
0 0.815795 0.628456 0.023144 0.032216
0 0.542326 0.587848 0.026124 0.019730
0 0.839299 0.633823 0.027136 0.026221
0 0.417035 0.552539 0.011705 0.016805
0 0.202031 0.631295 0.025924 0.041962
0 0.153134 0.589983 0.017219 0.022554