0 0.396123 0.548621 0.091848 0.232903
0 0.662071 0.638734 0.115222 0.284604
0 0.122032 0.540277 0.094599 0.225876
0 0.272209 0.774473 0.114102 0.318190
0 0.484822 0.727615 0.095405 0.327721
0 0.213177 0.194599 0.052576 0.160668
0 0.552368 0.565383 0.074638 0.234529
0 0.363998 0.787224 0.101138 0.296557
0 0.270363 0.372143 0.074622 0.191208
0 0.296353 0.145758 0.072788 0.090512
0 0.533975 0.725560 0.054333 0.273483
0 0.920846 0.570136 0.076877 0.261950
0 0.771843 0.650576 0.084008 0.229681
0 0.784788 0.585098 0.086664 0.375501
0 0.939350 0.073511 0.028737 0.070971