0 0.414139 0.602493 0.119162 0.317046
0 0.939871 0.550716 0.117132 0.425831
0 0.515915 0.609103 0.136558 0.327338
0 0.762387 0.601530 0.129383 0.347437
0 0.300825 0.594750 0.124029 0.340038
0 0.183115 0.596903 0.121802 0.323755
0 0.642786 0.608256 0.123676 0.327913
0 0.080314 0.593746 0.130402 0.325346
0 0.858948 0.557794 0.085498 0.389789
0 0.180207 0.418668 0.113288 0.187269
0 0.072312 0.418567 0.129299 0.228805
0 0.288247 0.424773 0.112917 0.186912
0 0.764678 0.427826 0.110464 0.158586
0 0.380823 0.436970 0.093593 0.164578
0 0.690225 0.446410 0.094528 0.189256
0 0.451502 0.437084 0.104521 0.155124
0 0.537314 0.448594 0.095613 0.153496
0 0.608155 0.455281 0.075930 0.165661