0 0.617447 0.632215 0.232034 0.506044
0 0.409418 0.627077 0.200889 0.516011
0 0.826403 0.634800 0.195388 0.503084
0 0.247721 0.616727 0.276396 0.542535
0 0.127965 0.585631 0.232105 0.576491
0 0.460212 0.314973 0.092191 0.153488
0 0.731625 0.602882 0.100545 0.532146
0 0.529034 0.581567 0.157501 0.541062
0 0.379472 0.325087 0.088547 0.157486
0 0.890206 0.581178 0.130149 0.552395
0 0.650433 0.371662 0.128231 0.206602
0 0.242742 0.341699 0.129056 0.175897
0 0.330113 0.425788 0.094507 0.229939
0 0.729558 0.435750 0.093863 0.186328