0 0.769418 0.646400 0.089686 0.235333
0 0.056358 0.668299 0.110001 0.256742
0 0.660095 0.666767 0.074477 0.257396
0 0.579303 0.656163 0.086112 0.253056
0 0.517375 0.653866 0.070794 0.220529
0 0.158299 0.601616 0.045384 0.101917
0 0.443290 0.594591 0.032724 0.102517
0 0.916422 0.601192 0.040444 0.118508
0 0.881735 0.601114 0.038526 0.121163
0 0.417524 0.598312 0.031277 0.094014
0 0.984611 0.600583 0.027653 0.102254
0 0.946846 0.600865 0.031227 0.106738
0 0.965469 0.597926 0.026332 0.100644
0 0.006727 0.633233 0.013454 0.137004
0 0.837913 0.603636 0.029274 0.083119