0 0.125773 0.640066 0.104384 0.466830
0 0.875676 0.596635 0.103532 0.431530
0 0.462471 0.622603 0.106341 0.394178
0 0.288494 0.605432 0.121175 0.426585
0 0.738202 0.600327 0.142812 0.436641
0 0.385875 0.609866 0.118837 0.418267
0 0.557694 0.617754 0.118767 0.406396
0 0.646880 0.618539 0.102199 0.404006
0 0.205722 0.604007 0.088838 0.435817
0 0.204676 0.370106 0.096350 0.165346
0 0.782609 0.384924 0.101965 0.131155
0 0.798422 0.602097 0.091254 0.427648
0 0.284049 0.370692 0.073095 0.152166
0 0.343260 0.407909 0.063237 0.114285
0 0.377988 0.236819 0.097219 0.154184
0 0.300966 0.273984 0.088595 0.175303
0 0.508414 0.333401 0.116350 0.182660
0 0.704705 0.347478 0.068273 0.122367
0 0.700667 0.276549 0.076201 0.132077
0 0.379189 0.352783 0.064440 0.101478