0 0.950964 0.740638 0.094948 0.240694
0 0.317495 0.771483 0.114120 0.204959
0 0.861334 0.735579 0.119229 0.271342
0 0.505813 0.743315 0.118768 0.258530
0 0.556717 0.743526 0.087500 0.259429
0 0.190988 0.706239 0.100863 0.267079
0 0.103084 0.688461 0.055918 0.171688
0 0.015348 0.676805 0.030487 0.193172
0 0.697129 0.660290 0.056643 0.157501
0 0.771334 0.671042 0.044109 0.161493
0 0.386684 0.672622 0.048856 0.151813
0 0.809814 0.500023 0.101947 0.283128
0 0.342273 0.672574 0.040585 0.150379
0 0.611890 0.762545 0.065657 0.223743
0 0.741992 0.640391 0.029168 0.080938