0 0.556026 0.701290 0.057708 0.155352
0 0.292421 0.718682 0.067327 0.196836
0 0.852638 0.704129 0.050924 0.148651
0 0.025704 0.716739 0.051269 0.201541
0 0.380986 0.708858 0.055116 0.186318
0 0.762989 0.624157 0.050212 0.157576
0 0.441364 0.712589 0.044008 0.162232
0 0.713577 0.718203 0.124463 0.202094
0 0.478668 0.714148 0.040596 0.152443
0 0.291804 0.601891 0.068826 0.108160
0 0.804280 0.701408 0.052066 0.137526
0 0.204228 0.708123 0.056423 0.173915
0 0.683494 0.590492 0.040063 0.111478
0 0.502289 0.694079 0.027289 0.117147