0 0.078649 0.715534 0.057813 0.217935
0 0.870263 0.711538 0.088136 0.262451
0 0.461127 0.659959 0.057401 0.168067
0 0.789780 0.708667 0.083406 0.288097
0 0.377544 0.711950 0.080042 0.249826
0 0.014393 0.714581 0.028492 0.210789
0 0.172052 0.700164 0.079821 0.212871
0 0.721208 0.693851 0.066113 0.190109
0 0.646613 0.630900 0.098889 0.117797
0 0.262393 0.693138 0.067592 0.191783
0 0.335475 0.694485 0.045156 0.170976
0 0.213334 0.606913 0.037215 0.080941
0 0.975395 0.660283 0.046084 0.158659
0 0.919411 0.620525 0.065496 0.092378