0 0.053662 0.714789 0.106405 0.303818
0 0.571771 0.639913 0.065907 0.227200
0 0.433700 0.654443 0.080896 0.216601
0 0.244565 0.629586 0.069566 0.198043
0 0.352397 0.657359 0.083046 0.222993
0 0.314983 0.640428 0.058847 0.223815
0 0.644881 0.616924 0.048502 0.152910
0 0.781671 0.588977 0.050351 0.100492
0 0.610096 0.614621 0.029331 0.147855
0 0.199718 0.631903 0.041681 0.129043
0 0.101235 0.614937 0.046059 0.074397
0 0.732169 0.612091 0.052189 0.141710
0 0.033791 0.564720 0.052268 0.050938
0 0.404160 0.296133 0.029924 0.060418
0 0.913198 0.647458 0.094448 0.101229
0 0.557252 0.298448 0.036477 0.068400