0 0.510750 0.668809 0.293015 0.307767
0 0.317056 0.621676 0.207198 0.402904
0 0.191233 0.719259 0.241384 0.210639
0 0.928360 0.668984 0.140155 0.308751
0 0.766994 0.690481 0.126514 0.271355
0 0.637712 0.677157 0.169924 0.293685
0 0.041448 0.746401 0.082814 0.161022
0 0.712473 0.596977 0.049056 0.119562
0 0.029360 0.590219 0.046505 0.117807
0 0.813975 0.586955 0.050692 0.091358
0 0.101549 0.722126 0.081159 0.142861
0 0.148175 0.576100 0.035188 0.099246
0 0.847729 0.684898 0.063905 0.287533
0 0.583768 0.573494 0.065950 0.139509
0 0.089855 0.577274 0.029386 0.075948