0 0.052294 0.741078 0.037013 0.107198
0 0.017830 0.744375 0.034356 0.099764
0 0.379805 0.747192 0.033017 0.111629
0 0.510487 0.724481 0.033930 0.088926
0 0.971572 0.754109 0.048459 0.089467
0 0.195550 0.766301 0.037661 0.073675
0 0.154498 0.761752 0.038153 0.082103
0 0.226853 0.777504 0.051275 0.049811
0 0.778676 0.758048 0.057047 0.087399
0 0.595191 0.749746 0.034636 0.101830
0 0.280026 0.735517 0.030138 0.066838
0 0.860985 0.754649 0.033974 0.095812
0 0.320415 0.763104 0.036416 0.072056
0 0.096998 0.689659 0.018503 0.050334
0 0.549051 0.735557 0.040571 0.072656
0 0.822665 0.754851 0.058247 0.096704
0 0.292464 0.778604 0.065002 0.048038
0 0.722613 0.753628 0.042911 0.097419
0 0.894934 0.726188 0.031968 0.080004
0 0.690454 0.727835 0.030704 0.086586