0 0.107832 0.666721 0.054478 0.140390
0 0.674438 0.653867 0.031315 0.096835
0 0.908645 0.712680 0.112334 0.137110
0 0.564532 0.666302 0.044246 0.125770
0 0.063100 0.698682 0.053970 0.164557
0 0.725000 0.657519 0.035314 0.098559
0 0.816301 0.668846 0.040337 0.136176
0 0.369581 0.690714 0.042927 0.154493
0 0.160674 0.686128 0.053106 0.134292
0 0.232710 0.707381 0.059268 0.148947
0 0.028545 0.706803 0.038895 0.149233
0 0.337246 0.696479 0.037540 0.155400
0 0.975793 0.708146 0.045290 0.143917
0 0.310495 0.685547 0.024839 0.114020
0 0.854499 0.680532 0.049503 0.137901
0 0.616212 0.647713 0.020201 0.060503