0 0.724281 0.680580 0.064614 0.204962
0 0.948094 0.688809 0.070280 0.186613
0 0.331375 0.682092 0.073965 0.200695
0 0.405008 0.674356 0.082843 0.220747
0 0.587207 0.678304 0.071448 0.212166
0 0.524460 0.681074 0.060226 0.201916
0 0.787409 0.683216 0.069397 0.198662
0 0.855694 0.694007 0.074649 0.178373
0 0.654466 0.676257 0.076896 0.214762
0 0.468630 0.675924 0.062461 0.215319
0 0.196947 0.683883 0.062901 0.195365
0 0.053060 0.684908 0.062517 0.193714
0 0.111155 0.687895 0.072886 0.187173
0 0.251846 0.682417 0.060132 0.202773