0 0.109531 0.621916 0.051432 0.165911
0 0.196344 0.621483 0.052931 0.154206
0 0.158621 0.626194 0.046533 0.141798
0 0.855824 0.626585 0.052867 0.146485
0 0.822689 0.616513 0.043956 0.148367
0 0.316571 0.652288 0.055989 0.099864
0 0.605077 0.640947 0.047136 0.104547
0 0.706266 0.616952 0.040485 0.147354
0 0.744305 0.609149 0.043873 0.151488
0 0.655933 0.644500 0.060568 0.106781
0 0.443557 0.619577 0.038945 0.143628
0 0.569200 0.641024 0.047179 0.089651
0 0.247865 0.654160 0.047397 0.093776
0 0.474159 0.620057 0.040005 0.137470