0 0.900406 0.578154 0.196063 0.499611
0 0.666165 0.605810 0.122335 0.306637
0 0.560077 0.605571 0.118109 0.291130
0 0.242058 0.601659 0.071284 0.198345
0 0.085316 0.603358 0.090109 0.204953
0 0.407269 0.607071 0.090137 0.235499
0 0.309749 0.598574 0.071336 0.217544
0 0.349370 0.603576 0.068571 0.216200
0 0.486273 0.601622 0.081772 0.266690
0 0.027603 0.606940 0.039531 0.119673
0 0.796231 0.586019 0.101706 0.360568
0 0.194439 0.601987 0.056437 0.171048
0 0.166187 0.602383 0.048574 0.163035
0 0.980905 0.566332 0.035065 0.311715