0 0.054384 0.702992 0.108563 0.337502
0 0.956186 0.702598 0.084504 0.334579
0 0.749343 0.706048 0.093517 0.333886
0 0.892749 0.693853 0.094235 0.354794
0 0.522420 0.708609 0.104984 0.337831
0 0.610462 0.703077 0.081970 0.326074
0 0.822948 0.702757 0.077591 0.337686
0 0.457030 0.704058 0.077202 0.319529
0 0.179116 0.702007 0.080022 0.321284
0 0.400439 0.704432 0.080632 0.310043
0 0.255978 0.708934 0.077194 0.328144
0 0.014385 0.672170 0.028615 0.241317
0 0.683055 0.713755 0.080003 0.320160
0 0.395873 0.607284 0.072058 0.110899
0 0.257752 0.590022 0.065317 0.082257