0 0.884667 0.529866 0.139786 0.464096
0 0.771611 0.532954 0.132026 0.410388
0 0.088067 0.539690 0.104448 0.400845
0 0.668056 0.542510 0.096550 0.363846
0 0.323511 0.525462 0.109894 0.357653
0 0.252759 0.526933 0.101443 0.388755
0 0.172346 0.532668 0.090900 0.383505
0 0.501072 0.414910 0.098929 0.127926
0 0.414598 0.410904 0.085892 0.136467
0 0.583850 0.542424 0.090488 0.364606
0 0.726889 0.375794 0.064611 0.102426
0 0.835054 0.362563 0.056347 0.084159
0 0.561193 0.352292 0.090044 0.137010
0 0.302361 0.361933 0.056476 0.079688