0 0.135951 0.606226 0.118924 0.148458
0 0.114272 0.524514 0.057688 0.144297
0 0.652882 0.623501 0.060465 0.116696
0 0.172519 0.520973 0.053803 0.114494
0 0.379804 0.624910 0.058210 0.111726
0 0.251807 0.615386 0.082660 0.128256
0 0.322338 0.620514 0.060646 0.118893
0 0.216050 0.599046 0.057608 0.123655
0 0.318818 0.517314 0.053015 0.160932
0 0.765544 0.558015 0.051229 0.137184
0 0.282222 0.527057 0.044784 0.152969
0 0.736046 0.631709 0.057230 0.097238
0 0.500524 0.615541 0.094702 0.131106
0 0.550522 0.618092 0.060473 0.124521