0 0.546855 0.717098 0.050916 0.145493
0 0.496683 0.722618 0.053472 0.155637
0 0.451394 0.704438 0.034300 0.116663
0 0.415755 0.708516 0.043751 0.124147
0 0.385094 0.714773 0.034270 0.105610
0 0.166478 0.690376 0.039631 0.091517
0 0.332866 0.684590 0.023512 0.066137
0 0.636195 0.706562 0.041893 0.104772
0 0.894995 0.701117 0.027364 0.070218
0 0.114391 0.674824 0.019888 0.049944
0 0.143379 0.611984 0.012977 0.037475
0 0.732263 0.696848 0.027967 0.067848
0 0.134846 0.683823 0.023308 0.064906
0 0.360555 0.687591 0.022288 0.057008
0 0.212265 0.633492 0.014677 0.032989