0 0.035393 0.663514 0.056901 0.143799
0 0.947748 0.627512 0.031305 0.081794
0 0.702472 0.737578 0.121432 0.067622
0 0.782253 0.629381 0.023634 0.079909
0 0.722124 0.624696 0.030323 0.074898
0 0.447446 0.632170 0.023711 0.063705
0 0.668385 0.632467 0.024286 0.066214
0 0.760032 0.626583 0.023540 0.075172
0 0.562244 0.709367 0.044173 0.081214
0 0.642936 0.701372 0.055100 0.090035
0 0.687662 0.705500 0.050444 0.072706
0 0.473760 0.612842 0.016738 0.050427
0 0.631198 0.613859 0.013089 0.043808
0 0.599622 0.712987 0.047438 0.076904