0 0.556282 0.671605 0.192020 0.341409
0 0.386759 0.646249 0.159133 0.374876
0 0.813399 0.638236 0.189972 0.276459
0 0.341850 0.324814 0.063852 0.279747
0 0.501706 0.334229 0.065056 0.247868
0 0.237525 0.664491 0.124716 0.355674
0 0.227739 0.424688 0.039414 0.112233
0 0.297180 0.402931 0.068609 0.097368
0 0.031152 0.453609 0.061798 0.133365
0 0.786703 0.496436 0.131574 0.184856
0 0.606951 0.452260 0.069735 0.159280
0 0.959224 0.365158 0.060823 0.181004
0 0.826882 0.349507 0.063229 0.181026
0 0.159968 0.330953 0.079441 0.350041
0 0.895281 0.352219 0.071613 0.174406