0 0.752978 0.836283 0.101846 0.216751
0 0.612863 0.812002 0.065403 0.205513
0 0.380595 0.733628 0.164407 0.432534
0 0.479279 0.391164 0.059214 0.221481
0 0.668840 0.696689 0.063488 0.119378
0 0.401275 0.397269 0.067121 0.251355
0 0.249915 0.393600 0.059242 0.170124
0 0.168718 0.429724 0.081605 0.215116
0 0.295515 0.419161 0.056308 0.152860
0 0.344489 0.407648 0.062203 0.208482
0 0.644896 0.358383 0.036557 0.085299
0 0.726068 0.721460 0.041320 0.077117
0 0.434662 0.394405 0.052227 0.238927
0 0.770193 0.462560 0.029469 0.070430