0 0.225586 0.654420 0.064847 0.155035
0 0.921529 0.737612 0.060110 0.086195
0 0.864580 0.619561 0.062787 0.157934
0 0.180933 0.270800 0.034595 0.099011
0 0.410346 0.555577 0.047392 0.173832
0 0.936679 0.494997 0.050926 0.156099
0 0.983734 0.539960 0.029408 0.152609
0 0.454145 0.637420 0.064217 0.153986
0 0.194779 0.564506 0.050134 0.167529
0 0.604008 0.555777 0.045733 0.150487
0 0.708558 0.476307 0.039425 0.126845
0 0.749794 0.507060 0.041339 0.146316
0 0.369977 0.751374 0.065789 0.059959
0 0.870507 0.455893 0.042065 0.142780
0 0.401081 0.265459 0.029054 0.096563
0 0.791047 0.544384 0.045606 0.159493
0 0.630297 0.399254 0.051323 0.134691
0 0.330051 0.279660 0.026860 0.098578
0 0.565043 0.517409 0.039417 0.141949
0 0.295330 0.417470 0.048128 0.122002
0 0.943667 0.392471 0.043929 0.110552