0 0.900942 0.618143 0.194991 0.282136
0 0.209680 0.620906 0.137996 0.286076
0 0.804225 0.619420 0.061144 0.189046
0 0.446486 0.606616 0.083738 0.205563
0 0.658575 0.618657 0.079946 0.218450
0 0.118570 0.609636 0.094047 0.263955
0 0.712085 0.614475 0.070057 0.212630
0 0.293190 0.613107 0.072726 0.241023
0 0.570512 0.629413 0.073994 0.202709
0 0.853560 0.559497 0.062592 0.084781
0 0.518113 0.602888 0.065775 0.197967
0 0.378917 0.607770 0.057943 0.202256
0 0.021447 0.590660 0.042800 0.175061
0 0.064942 0.607281 0.059216 0.230336
0 0.615559 0.611845 0.039395 0.175342