0 0.115117 0.506102 0.195942 0.405502
0 0.152919 0.635929 0.196984 0.236308
0 0.861160 0.635475 0.154953 0.226538
0 0.896099 0.487761 0.180765 0.379735
0 0.476194 0.651706 0.146954 0.216579
0 0.346843 0.640844 0.143403 0.235367
0 0.764736 0.652642 0.185550 0.221045
0 0.290543 0.577906 0.124918 0.288653
0 0.632587 0.657495 0.187943 0.250106
0 0.218242 0.452265 0.140166 0.251480
0 0.330484 0.421704 0.137951 0.200496
0 0.662581 0.415644 0.146315 0.197915
0 0.442188 0.419095 0.118428 0.201962
0 0.287510 0.351180 0.071118 0.122690
0 0.790898 0.427999 0.144239 0.218422
0 0.550907 0.413313 0.132249 0.222513
0 0.740669 0.526911 0.137919 0.194444
0 0.510859 0.533343 0.148630 0.173403
0 0.413569 0.536431 0.103596 0.195702