0 0.510197 0.724183 0.142608 0.216731
0 0.860120 0.764891 0.102733 0.134705
0 0.262780 0.737579 0.080419 0.189555
0 0.189371 0.734590 0.079371 0.195978
0 0.386474 0.728979 0.082022 0.207553
0 0.749861 0.756110 0.044276 0.152826
0 0.131120 0.715340 0.055179 0.168564
0 0.025635 0.725656 0.049639 0.160130
0 0.057286 0.709170 0.042696 0.155299
0 0.699464 0.748454 0.062276 0.159977
0 0.610581 0.798256 0.073449 0.070305
0 0.591805 0.694898 0.042082 0.119120
0 0.231549 0.663115 0.042329 0.096010
0 0.345901 0.702422 0.059208 0.206102
0 0.690193 0.657724 0.059746 0.094341