0 0.082379 0.604286 0.164023 0.433725
0 0.268897 0.675234 0.161914 0.213653
0 0.878645 0.652444 0.159324 0.344631
0 0.327003 0.567668 0.123800 0.260165
0 0.430703 0.673986 0.164401 0.197691
0 0.204284 0.604691 0.127132 0.347826
0 0.588887 0.659434 0.147359 0.208839
0 0.754902 0.645915 0.119178 0.353687
0 0.775302 0.466138 0.100377 0.156099
0 0.893930 0.492180 0.144806 0.250791
0 0.656406 0.615295 0.096983 0.280257
0 0.544333 0.574278 0.146617 0.259658
0 0.821918 0.423556 0.062556 0.097717
0 0.313675 0.443124 0.118630 0.152737
0 0.199595 0.434409 0.133825 0.156854
0 0.724382 0.410500 0.063631 0.121943
0 0.371350 0.379762 0.081499 0.128059
0 0.668488 0.470191 0.102484 0.145569
0 0.559323 0.444527 0.125220 0.161933
0 0.441339 0.545840 0.110168 0.211555