0 0.568221 0.641964 0.337486 0.357393
0 0.719752 0.646860 0.128935 0.349352
0 0.185312 0.628766 0.246360 0.385785
0 0.054694 0.599633 0.108753 0.364292
0 0.304071 0.586821 0.132460 0.328034
0 0.072068 0.457277 0.078713 0.103224
0 0.136337 0.463431 0.059342 0.102768
0 0.437219 0.494024 0.115385 0.184158
0 0.830359 0.535483 0.209755 0.197812
0 0.511088 0.480163 0.092424 0.147003
0 0.244446 0.469358 0.058075 0.145484
0 0.901265 0.458473 0.066052 0.136781
0 0.380879 0.567892 0.085936 0.302622
0 0.852852 0.494669 0.069204 0.207103