0 0.512869 0.730922 0.033998 0.093474
0 0.185724 0.731189 0.046365 0.099293
0 0.377542 0.728919 0.028616 0.085228
0 0.311873 0.736851 0.049272 0.101277
0 0.350652 0.728913 0.029431 0.088990
0 0.085385 0.738872 0.036708 0.099072
0 0.017851 0.738848 0.035294 0.099349
0 0.479761 0.731468 0.030622 0.091311
0 0.894001 0.723323 0.029074 0.072148
0 0.632575 0.726568 0.026903 0.077366
0 0.122507 0.736607 0.040573 0.098106
0 0.795807 0.712823 0.015767 0.041471
0 0.721369 0.714893 0.017485 0.045166
0 0.919133 0.726302 0.022064 0.068366
0 0.615169 0.726254 0.021041 0.074662
0 0.678263 0.722837 0.024345 0.060332
0 0.816297 0.711934 0.018307 0.046282
0 0.857273 0.717053 0.021860 0.062500
0 0.447865 0.711578 0.013278 0.041649