0 0.763799 0.527882 0.062972 0.179886
0 0.054268 0.551080 0.108082 0.352717
0 0.339149 0.523369 0.078005 0.290852
0 0.525082 0.521511 0.081196 0.319843
0 0.282841 0.492758 0.037129 0.116016
0 0.594530 0.501224 0.054325 0.153681
0 0.396094 0.533621 0.077392 0.305342
0 0.631594 0.483641 0.034580 0.100597
0 0.872063 0.504444 0.044909 0.070666
0 0.460199 0.516107 0.080311 0.303127
0 0.217242 0.512992 0.068965 0.086584
0 0.652268 0.470267 0.023796 0.075197
0 0.986856 0.468529 0.023163 0.052423
0 0.784412 0.459790 0.039728 0.073935