0 0.063345 0.519689 0.050389 0.140237
0 0.148394 0.625528 0.137338 0.122552
0 0.337774 0.640077 0.082158 0.116019
0 0.862556 0.528775 0.074033 0.150022
0 0.958988 0.522393 0.047047 0.131858
0 0.786010 0.681860 0.202895 0.071562
0 0.020058 0.485755 0.021880 0.065711
0 0.772243 0.602078 0.081289 0.104687
0 0.908207 0.521008 0.044923 0.142170
0 0.790989 0.524071 0.050995 0.147206
0 0.113139 0.515650 0.050829 0.134318
0 0.835078 0.528115 0.041983 0.136473
0 0.006665 0.472323 0.013093 0.054705
0 0.597145 0.688130 0.188761 0.081318