0 0.079657 0.684733 0.094546 0.198567
0 0.982373 0.622981 0.032129 0.101480
0 0.019181 0.675888 0.038175 0.191857
0 0.782530 0.642708 0.037275 0.134082
0 0.861308 0.640392 0.048026 0.145786
0 0.393282 0.697511 0.030223 0.099961
0 0.466301 0.636722 0.030957 0.111046
0 0.554614 0.622216 0.043909 0.103528
0 0.435464 0.659709 0.029206 0.069691
0 0.346925 0.630341 0.055151 0.107133
0 0.898482 0.649281 0.040403 0.146501
0 0.811479 0.666065 0.031189 0.104342
0 0.293594 0.326488 0.045530 0.126533
0 0.370780 0.326161 0.057765 0.140520
0 0.412525 0.604710 0.026523 0.069661
0 0.831851 0.632093 0.021088 0.066646
0 0.600736 0.637259 0.054668 0.073262