0 0.923640 0.557286 0.148400 0.312293
0 0.828716 0.560386 0.129717 0.318346
0 0.063581 0.500158 0.122191 0.383290
0 0.527629 0.566080 0.103703 0.296453
0 0.622100 0.567077 0.100737 0.309216
0 0.228482 0.577713 0.109580 0.302409
0 0.721831 0.558723 0.121896 0.322275
0 0.428430 0.574314 0.109373 0.299520
0 0.326366 0.570191 0.107363 0.278552
0 0.128659 0.571966 0.121866 0.290701
0 0.432578 0.393358 0.124761 0.199911
0 0.172187 0.405801 0.101975 0.189359
0 0.820525 0.383694 0.100048 0.180744
0 0.727160 0.379351 0.117860 0.183285
0 0.259726 0.410696 0.087045 0.179566
0 0.527180 0.385430 0.089639 0.179472
0 0.620782 0.393451 0.104476 0.169642
0 0.339699 0.397490 0.090686 0.187045
0 0.927034 0.409359 0.119833 0.266991