0 0.388139 0.461852 0.245667 0.390932
0 0.564441 0.469981 0.346471 0.776178
0 0.821898 0.685605 0.033026 0.058472
0 0.518393 0.693806 0.019537 0.062053
0 0.777344 0.683642 0.032543 0.061132
0 0.727174 0.687664 0.026440 0.058851
0 0.433570 0.692986 0.023991 0.066525
0 0.465476 0.690023 0.030040 0.068809
0 0.497159 0.696359 0.017227 0.056986
0 0.408908 0.697969 0.019643 0.057346
0 0.856130 0.678700 0.026474 0.070613
0 0.190332 0.733397 0.072053 0.134138
0 0.222982 0.721343 0.135665 0.163666
0 0.301630 0.702183 0.023977 0.054184
0 0.283076 0.700894 0.024190 0.059558
0 0.237392 0.705470 0.048562 0.086668