0 0.965745 0.718580 0.065385 0.230347
0 0.882595 0.766482 0.069340 0.213737
0 0.162078 0.741564 0.080703 0.265233
0 0.663020 0.742527 0.089608 0.262833
0 0.085053 0.753328 0.089306 0.241396
0 0.733531 0.739103 0.073049 0.246911
0 0.774032 0.740237 0.048082 0.203849
0 0.237330 0.743988 0.073976 0.244534
0 0.575152 0.746915 0.081915 0.241874
0 0.357945 0.639232 0.058181 0.057378
0 0.484233 0.753143 0.061563 0.236751
0 0.301828 0.737571 0.063681 0.234102
0 0.923460 0.742366 0.043855 0.192201
0 0.844696 0.664429 0.045926 0.116617