0 0.366037 0.676105 0.176631 0.239072
0 0.192465 0.667461 0.154429 0.255978
0 0.797836 0.664314 0.159465 0.256801
0 0.514791 0.685531 0.115153 0.216052
0 0.942137 0.579288 0.066998 0.062323
0 0.582977 0.664289 0.104159 0.260005
0 0.863231 0.572627 0.069719 0.071483
0 0.107594 0.680893 0.093921 0.229352
0 0.031035 0.660352 0.061885 0.263095
0 0.320982 0.585565 0.067053 0.140622
0 0.662478 0.683446 0.130249 0.220561
0 0.064080 0.675153 0.085794 0.239379
0 0.264264 0.587896 0.057101 0.091612
0 0.455183 0.621257 0.064945 0.165253