0 0.897387 0.588293 0.117340 0.363592
0 0.298206 0.613640 0.117072 0.490214
0 0.811259 0.609543 0.154563 0.490746
0 0.553442 0.622599 0.111766 0.464981
0 0.393343 0.615908 0.107323 0.459378
0 0.707342 0.625175 0.104394 0.443031
0 0.972346 0.540129 0.052183 0.187009
0 0.027809 0.555280 0.055148 0.276951
0 0.213123 0.541679 0.071317 0.239994
0 0.628537 0.614012 0.096309 0.478395
0 0.075476 0.552594 0.067413 0.235901
0 0.470712 0.616957 0.090737 0.458962
0 0.146042 0.530019 0.040710 0.157316
0 0.107241 0.527576 0.044578 0.153273
0 0.255771 0.460899 0.045546 0.109681
0 0.741803 0.438370 0.026925 0.051114