0 0.234488 0.635262 0.386142 0.365919
0 0.609293 0.510521 0.231964 0.330068
0 0.936616 0.396751 0.108920 0.314672
0 0.848425 0.443036 0.090183 0.207189
0 0.757367 0.379949 0.114335 0.342610
0 0.329941 0.467770 0.095233 0.127604
0 0.452337 0.451240 0.106119 0.130729
0 0.497022 0.459549 0.084533 0.136895
0 0.546401 0.466304 0.058833 0.115849
0 0.257944 0.423067 0.033201 0.075346
0 0.287095 0.455818 0.063403 0.070482
0 0.048386 0.702618 0.096151 0.236165
0 0.295001 0.395380 0.039215 0.054758
0 0.618747 0.443584 0.039815 0.112655
0 0.045242 0.638541 0.081322 0.106051