0 0.428354 0.699562 0.324552 0.247474
0 0.226535 0.614955 0.123711 0.286183
0 0.785465 0.492175 0.080774 0.109829
0 0.895174 0.525164 0.067912 0.149510
0 0.713583 0.490185 0.075445 0.111120
0 0.556415 0.483881 0.113975 0.114147
0 0.839304 0.512681 0.081790 0.119378
0 0.454274 0.486742 0.053805 0.094427
0 0.352094 0.484312 0.107630 0.132983
0 0.641204 0.472157 0.097178 0.103485
0 0.210996 0.417584 0.023699 0.058549
0 0.152090 0.422048 0.034883 0.079210
0 0.272045 0.417584 0.017861 0.049434
0 0.176373 0.425343 0.026659 0.075564
0 0.253909 0.415529 0.015936 0.042828
0 0.457796 0.417420 0.017024 0.040858
0 0.234539 0.420524 0.029365 0.058860