0 0.040179 0.484122 0.079840 0.241615
0 0.866797 0.482428 0.175410 0.325082
0 0.250572 0.462211 0.097132 0.184536
0 0.170510 0.462838 0.068711 0.155269
0 0.742959 0.469919 0.096539 0.220462
0 0.622980 0.464758 0.098325 0.207922
0 0.416751 0.513690 0.189234 0.337511
0 0.508446 0.462088 0.044890 0.185379
0 0.085393 0.453972 0.044109 0.160877
0 0.223341 0.495267 0.028639 0.069833
0 0.583942 0.462093 0.068774 0.163065
0 0.398335 0.481807 0.094370 0.286256
0 0.800676 0.452065 0.041046 0.185879
0 0.939413 0.461930 0.063292 0.255253
0 0.676510 0.459896 0.033915 0.141927