0 0.292830 0.496803 0.345619 0.553950
0 0.519911 0.460506 0.078253 0.220673
0 0.595181 0.473013 0.060636 0.137046
0 0.650374 0.456088 0.060797 0.203058
0 0.154128 0.472129 0.040896 0.112930
0 0.972263 0.439969 0.020932 0.063964
0 0.117826 0.461616 0.053363 0.146978
0 0.760114 0.435390 0.031870 0.113301
0 0.086745 0.431823 0.022253 0.058880
0 0.888392 0.468421 0.059825 0.203690
0 0.195123 0.422357 0.024584 0.089684
0 0.944695 0.440299 0.020189 0.079222
0 0.843596 0.448585 0.041874 0.182450
0 0.866110 0.467129 0.061227 0.215314
0 0.730219 0.441353 0.023346 0.088107
0 0.176219 0.436253 0.024753 0.090146
0 0.693470 0.434962 0.021957 0.087709
0 0.787198 0.442519 0.022123 0.065415
0 0.560527 0.413113 0.031195 0.108783
0 0.814379 0.433710 0.022349 0.069929