0 0.151406 0.549425 0.115810 0.359105
0 0.328463 0.651445 0.215265 0.323197
0 0.483184 0.623830 0.142376 0.283020
0 0.810521 0.543414 0.110389 0.415877
0 0.725550 0.566608 0.127654 0.374335
0 0.576170 0.545773 0.089280 0.377950
0 0.401562 0.496002 0.105356 0.320816
0 0.305809 0.466548 0.099550 0.204598
0 0.494178 0.446853 0.099853 0.209394
0 0.660228 0.547415 0.095175 0.340251
0 0.232699 0.489731 0.091278 0.273112
0 0.012093 0.402301 0.024186 0.048128
0 0.979812 0.510946 0.037250 0.233042
0 0.044569 0.401826 0.029155 0.054196