0 0.917908 0.580269 0.070143 0.250164
0 0.077502 0.586827 0.068547 0.233783
0 0.850981 0.575215 0.084453 0.252600
0 0.820758 0.615393 0.109474 0.188749
0 0.708539 0.507616 0.077854 0.112801
0 0.663749 0.616541 0.072649 0.197788
0 0.131861 0.580714 0.060977 0.236103
0 0.739137 0.619568 0.081575 0.189999
0 0.774173 0.506961 0.067711 0.122464
0 0.507491 0.618166 0.093636 0.198284
0 0.593224 0.619461 0.080892 0.191265
0 0.628458 0.506059 0.071299 0.110927
0 0.284803 0.622142 0.071414 0.186702
0 0.205267 0.625981 0.067882 0.187648
0 0.350530 0.623021 0.069632 0.190702
0 0.551542 0.517826 0.077315 0.130867
0 0.478368 0.517889 0.068257 0.136008
0 0.264729 0.516141 0.069661 0.114675