0 0.241653 0.695209 0.055213 0.108713
0 0.819727 0.667744 0.049128 0.141923
0 0.331534 0.689424 0.041088 0.111469
0 0.775040 0.665792 0.043286 0.132665
0 0.119727 0.688965 0.062052 0.117613
0 0.163595 0.687481 0.052449 0.103011
0 0.478006 0.685968 0.032607 0.107292
0 0.074965 0.683812 0.044604 0.097439
0 0.043014 0.687617 0.046384 0.098279
0 0.432252 0.694937 0.051085 0.099117
0 0.199329 0.675181 0.033268 0.102496
0 0.732397 0.667868 0.039504 0.117195
0 0.904595 0.669320 0.045303 0.131054
0 0.856608 0.669563 0.047918 0.134298
0 0.302708 0.708070 0.025133 0.069057
0 0.501543 0.670351 0.027800 0.093296
0 0.286292 0.672112 0.025899 0.081944
0 0.364312 0.676978 0.028726 0.089287