0 0.656390 0.599109 0.075032 0.170979
0 0.045401 0.575146 0.072086 0.142028
0 0.876492 0.653806 0.089833 0.287885
0 0.239951 0.661876 0.114603 0.273584
0 0.434427 0.577250 0.039680 0.142745
0 0.826773 0.635641 0.116401 0.322668
0 0.977805 0.648364 0.041265 0.297276
0 0.471239 0.578443 0.042225 0.129249
0 0.572543 0.574916 0.029850 0.099890
0 0.310555 0.552691 0.023210 0.066920
0 0.534472 0.574324 0.033935 0.098414
0 0.340440 0.551688 0.025365 0.071116
0 0.005833 0.571656 0.011612 0.080151
0 0.910747 0.580947 0.037646 0.128917