0 0.528723 0.620878 0.087111 0.212829
0 0.751756 0.613198 0.073842 0.227283
0 0.679225 0.615249 0.077558 0.222026
0 0.607606 0.615213 0.073110 0.225028
0 0.305810 0.608287 0.087425 0.227979
0 0.449056 0.613941 0.081791 0.224839
0 0.922583 0.616718 0.075826 0.215677
0 0.380343 0.612116 0.066659 0.216419
0 0.853619 0.613362 0.067909 0.225139
0 0.235760 0.606890 0.073437 0.224286
0 0.032043 0.606570 0.057605 0.215204
0 0.122877 0.623626 0.049667 0.188620
0 0.168072 0.612659 0.065379 0.214824
0 0.075070 0.610342 0.058949 0.210986