0 0.159370 0.563590 0.092277 0.319046
0 0.830259 0.441519 0.092145 0.303188
0 0.317412 0.558795 0.107860 0.324490
0 0.739027 0.556977 0.092420 0.298411
0 0.221202 0.575451 0.091670 0.295516
0 0.391185 0.563114 0.096886 0.313969
0 0.806645 0.553232 0.097161 0.309261
0 0.598493 0.569638 0.082346 0.284011
0 0.668337 0.569121 0.077408 0.279550
0 0.530567 0.565087 0.074319 0.301342
0 0.191119 0.390871 0.090166 0.160721
0 0.462634 0.569309 0.080074 0.297189
0 0.704642 0.399629 0.081177 0.171299
0 0.632893 0.402777 0.081037 0.176240
0 0.771122 0.387071 0.075002 0.147730
0 0.271803 0.453788 0.083115 0.292477
0 0.560504 0.396784 0.074893 0.171087
0 0.418970 0.398374 0.086268 0.149238
0 0.349370 0.385768 0.083541 0.164924