0 0.877290 0.621140 0.183710 0.461574
0 0.672161 0.520752 0.134544 0.400479
0 0.803172 0.552178 0.127776 0.381098
0 0.281380 0.442000 0.083064 0.247430
0 0.419971 0.383007 0.057837 0.200122
0 0.981269 0.508980 0.034337 0.205082
0 0.180545 0.432587 0.125443 0.232164
0 0.593685 0.494826 0.078893 0.313286
0 0.516421 0.408998 0.054670 0.201664
0 0.483857 0.395760 0.048794 0.198327
0 0.336990 0.347199 0.062480 0.131627
0 0.743985 0.482393 0.080312 0.278714
0 0.787725 0.397960 0.042694 0.084754
0 0.550863 0.432351 0.052371 0.221683