0 0.385645 0.711679 0.085757 0.216035
0 0.737367 0.724333 0.056328 0.206904
0 0.779511 0.690538 0.062879 0.162159
0 0.624177 0.701867 0.062126 0.196509
0 0.320398 0.686612 0.067022 0.195727
0 0.697951 0.688089 0.049494 0.195342
0 0.980080 0.704311 0.036715 0.247599
0 0.484755 0.652301 0.029038 0.095343
0 0.463405 0.655102 0.031393 0.091170
0 0.665462 0.666162 0.031804 0.113065
0 0.565067 0.644223 0.022523 0.077499
0 0.973008 0.651818 0.028975 0.069671
0 0.901322 0.634507 0.013181 0.034842
0 0.538020 0.641345 0.023335 0.075393