0 0.730032 0.736729 0.065404 0.182962
0 0.531227 0.750363 0.082430 0.157216
0 0.974085 0.748225 0.048705 0.160070
0 0.454886 0.739985 0.086861 0.180453
0 0.866791 0.733836 0.043909 0.121858
0 0.064019 0.777824 0.127477 0.102607
0 0.244871 0.730372 0.060727 0.196107
0 0.307467 0.754033 0.076622 0.151639
0 0.819741 0.771780 0.045595 0.111354
0 0.521537 0.663376 0.040665 0.093493
0 0.187305 0.753043 0.061575 0.149549
0 0.145799 0.734129 0.063885 0.162483
0 0.072580 0.717257 0.062754 0.121917
0 0.421872 0.728461 0.062633 0.201739
0 0.386799 0.667056 0.030637 0.115921