0 0.877323 0.593812 0.116785 0.382095
0 0.091869 0.441135 0.106248 0.346038
0 0.231570 0.576550 0.110826 0.388430
0 0.347858 0.586030 0.110844 0.373592
0 0.756588 0.589933 0.118691 0.381202
0 0.648193 0.592906 0.107944 0.369337
0 0.449630 0.584533 0.105649 0.381116
0 0.173578 0.420432 0.086631 0.337277
0 0.545476 0.587893 0.108496 0.377667
0 0.910592 0.446096 0.096384 0.353991
0 0.245101 0.356921 0.085820 0.189578
0 0.482949 0.363537 0.085124 0.211144
0 0.628806 0.373012 0.098211 0.212194
0 0.560440 0.365534 0.084856 0.223173
0 0.719105 0.403515 0.093079 0.265108