0 0.394484 0.579560 0.427985 0.578455
0 0.022944 0.514832 0.045436 0.500475
0 0.136054 0.439177 0.028359 0.085449
0 0.599936 0.455432 0.028920 0.076988
0 0.715542 0.455583 0.026402 0.081340
0 0.162207 0.441734 0.025875 0.078901
0 0.219807 0.442129 0.025941 0.077946
0 0.740235 0.459081 0.026287 0.078962
0 0.254108 0.444303 0.026044 0.076689
0 0.056703 0.439985 0.029270 0.096904
0 0.974231 0.473104 0.024939 0.089654
0 0.577008 0.455341 0.020077 0.071858
0 0.841237 0.464685 0.031008 0.090113
0 0.633237 0.454604 0.026986 0.076479
0 0.692944 0.458361 0.022433 0.076344
0 0.544517 0.453164 0.019596 0.072446
0 0.203589 0.441456 0.018803 0.073452
0 0.790370 0.462765 0.025024 0.082634
0 0.869138 0.464469 0.022853 0.080334