0 0.254548 0.567905 0.246878 0.305199
0 0.679840 0.545385 0.281575 0.335317
0 0.090972 0.577836 0.118616 0.202781
0 0.047312 0.602648 0.094130 0.173912
0 0.399628 0.582067 0.085909 0.161721
0 0.782911 0.581113 0.031974 0.078127
0 0.987565 0.577834 0.021745 0.085642
0 0.360549 0.573031 0.085482 0.194311
0 0.148055 0.563681 0.060355 0.132491
0 0.508587 0.585366 0.023811 0.068221
0 0.746048 0.582186 0.022394 0.072717
0 0.537238 0.586259 0.023386 0.060520
0 0.453086 0.583822 0.081773 0.126758
0 0.325402 0.580548 0.120775 0.217540
0 0.931863 0.582297 0.023760 0.074010
0 0.844109 0.579632 0.039628 0.084507
0 0.913614 0.580643 0.023588 0.069961