0 0.709122 0.589367 0.392776 0.547123
0 0.253382 0.424505 0.390125 0.550129
0 0.287269 0.849021 0.054781 0.049905
0 0.236317 0.849004 0.054881 0.048616
0 0.372464 0.852359 0.043789 0.041051
0 0.334843 0.850502 0.046517 0.045961
0 0.927675 0.359310 0.086106 0.146395
0 0.966381 0.290979 0.064113 0.130572
0 0.155839 0.848319 0.044075 0.046987
0 0.639190 0.332552 0.087625 0.088973
0 0.597665 0.275348 0.067712 0.094219
0 0.899938 0.293005 0.071248 0.126528
0 0.087031 0.335319 0.074142 0.093770
0 0.191286 0.847814 0.039081 0.049190