0 0.921240 0.533135 0.148237 0.368496
0 0.804513 0.511551 0.123982 0.374413
0 0.067398 0.510133 0.094973 0.349529
0 0.549081 0.516756 0.085229 0.315538
0 0.705298 0.505129 0.111192 0.369374
0 0.253988 0.512993 0.093715 0.330066
0 0.183178 0.510520 0.092780 0.338280
0 0.620702 0.493959 0.095105 0.358259
0 0.412210 0.507203 0.084539 0.319440
0 0.479042 0.508208 0.073157 0.311638
0 0.337893 0.529310 0.083191 0.295723
0 0.136558 0.489828 0.063215 0.311551
0 0.755017 0.355173 0.066381 0.101323
0 0.867484 0.380436 0.055777 0.103475
0 0.336113 0.389625 0.076674 0.104149
0 0.286071 0.390690 0.045247 0.098410