0 0.872038 0.700701 0.054888 0.158352
0 0.715302 0.675309 0.031928 0.121782
0 0.146561 0.681553 0.048621 0.131311
0 0.104803 0.683422 0.042409 0.119685
0 0.636208 0.664848 0.038210 0.127922
0 0.741787 0.667518 0.032265 0.130112
0 0.812516 0.690739 0.043860 0.101586
0 0.334730 0.670756 0.032651 0.121338
0 0.923341 0.669392 0.041239 0.126024
0 0.260160 0.675068 0.040872 0.126708
0 0.495629 0.686138 0.034735 0.091779
0 0.593403 0.667662 0.037011 0.120741
0 0.068593 0.677687 0.034520 0.110109
0 0.417273 0.681913 0.038466 0.107114
0 0.557082 0.668443 0.034235 0.116185
0 0.226550 0.677955 0.032404 0.111896
0 0.987305 0.686382 0.022264 0.092258
0 0.352559 0.669135 0.020942 0.116974