0 0.554387 0.552850 0.109548 0.270928
0 0.339968 0.573465 0.119964 0.255770
0 0.104107 0.638863 0.061467 0.205258
0 0.175852 0.631218 0.080117 0.200730
0 0.238440 0.640964 0.067512 0.184706
0 0.682096 0.600950 0.050275 0.135943
0 0.303610 0.547057 0.063401 0.203531
0 0.905619 0.583317 0.032981 0.092099
0 0.625606 0.604895 0.032003 0.110536
0 0.785924 0.570185 0.130715 0.328660
0 0.676710 0.524344 0.057442 0.069313
0 0.962798 0.581449 0.032288 0.100010
0 0.982525 0.581325 0.031825 0.091209
0 0.929070 0.580956 0.027080 0.097493