0 0.835512 0.753770 0.063601 0.149325
0 0.447145 0.709978 0.023451 0.040842
0 0.684449 0.716272 0.025949 0.058379
0 0.476957 0.743709 0.034988 0.125552
0 0.631506 0.735417 0.032909 0.089680
0 0.907225 0.733086 0.032354 0.079681
0 0.968925 0.733348 0.028518 0.089627
0 0.193670 0.727201 0.020577 0.058420
0 0.986808 0.732452 0.023259 0.091654
0 0.256705 0.726074 0.017572 0.050923
0 0.367196 0.737257 0.020983 0.048914
0 0.580997 0.734529 0.034255 0.088340
0 0.413722 0.729220 0.016734 0.057471
0 0.228716 0.724508 0.020197 0.050067
0 0.862926 0.717008 0.031954 0.062229
0 0.287652 0.726276 0.021442 0.058871
0 0.720798 0.702916 0.014485 0.026751