0 0.901505 0.626001 0.128169 0.405763
0 0.399253 0.642878 0.130177 0.373420
0 0.775115 0.627111 0.129326 0.406261
0 0.652450 0.631357 0.121388 0.394878
0 0.272248 0.637551 0.124068 0.388583
0 0.527932 0.636036 0.135496 0.387623
0 0.158329 0.658997 0.128804 0.341232
0 0.078607 0.626575 0.112134 0.401471
0 0.336176 0.477810 0.077681 0.163634
0 0.587950 0.471022 0.069569 0.151187
0 0.460231 0.550587 0.081894 0.337595
0 0.205758 0.484635 0.084021 0.162727
0 0.836720 0.460069 0.069363 0.160815
0 0.711568 0.627307 0.064751 0.433046