0 0.308785 0.655718 0.091484 0.209319
0 0.026800 0.655231 0.053545 0.211314
0 0.522198 0.662216 0.079628 0.200528
0 0.196656 0.663800 0.079024 0.196894
0 0.887307 0.659960 0.061097 0.202124
0 0.124654 0.693078 0.072895 0.136635
0 0.366977 0.661653 0.079115 0.199780
0 0.956091 0.646438 0.064712 0.201565
0 0.446447 0.671008 0.069982 0.180076
0 0.667306 0.650004 0.059081 0.194708
0 0.844294 0.639693 0.058703 0.224529
0 0.058892 0.659765 0.057428 0.198673
0 0.784668 0.644688 0.092921 0.229134
0 0.241814 0.653751 0.046125 0.189039
0 0.108723 0.608133 0.057967 0.117591
0 0.411516 0.636321 0.044630 0.171695
0 0.617533 0.689015 0.054178 0.145803
0 0.737246 0.643601 0.044964 0.216174
0 0.590798 0.658289 0.051154 0.198532
0 0.151165 0.639668 0.036809 0.158908
0 0.603344 0.551509 0.036712 0.066052