0 0.931543 0.615601 0.133788 0.310277
0 0.777261 0.649081 0.157435 0.388004
0 0.652857 0.628311 0.122566 0.332555
0 0.450064 0.586799 0.092482 0.260193
0 0.278292 0.528570 0.062321 0.174671
0 0.584501 0.535825 0.055482 0.164250
0 0.523225 0.568378 0.074793 0.241810
0 0.328235 0.520999 0.061073 0.164760
0 0.745846 0.494432 0.048974 0.119855
0 0.690489 0.517895 0.048014 0.153884
0 0.886060 0.571246 0.065896 0.247662
0 0.066157 0.508810 0.025494 0.068997
0 0.091664 0.507576 0.028646 0.070758
0 0.185865 0.500323 0.021474 0.063881