0 0.039161 0.737691 0.078034 0.185181
0 0.707965 0.714346 0.101697 0.234797
0 0.213951 0.703327 0.230971 0.254819
0 0.626780 0.712952 0.083211 0.221912
0 0.540808 0.674781 0.050718 0.123185
0 0.929196 0.674936 0.058841 0.190550
0 0.376922 0.684155 0.051962 0.167132
0 0.487052 0.673191 0.041741 0.121238
0 0.293702 0.702385 0.133731 0.251459
0 0.854400 0.660377 0.039074 0.104687
0 0.888367 0.659932 0.038778 0.121853
0 0.976139 0.645606 0.034956 0.078591
0 0.820063 0.658344 0.028989 0.096565
0 0.447139 0.669186 0.023525 0.076904
0 0.405454 0.665718 0.025535 0.088602