0 0.062339 0.691238 0.123694 0.273215
0 0.174534 0.694352 0.247554 0.266428
0 0.437691 0.715432 0.138788 0.230053
0 0.675829 0.697028 0.165617 0.264694
0 0.925354 0.688280 0.146168 0.269866
0 0.791484 0.728928 0.137260 0.197584
0 0.549484 0.702568 0.102052 0.253527
0 0.333654 0.698686 0.119065 0.272643
0 0.298658 0.610533 0.048227 0.054338
0 0.591106 0.640387 0.053487 0.099806
0 0.970511 0.642153 0.055854 0.082183
0 0.826857 0.699421 0.155370 0.257692
0 0.493723 0.652327 0.061181 0.103688
0 0.697066 0.637375 0.066440 0.106970