0 0.745473 0.766969 0.128409 0.462817
0 0.172389 0.787923 0.146147 0.421028
0 0.622457 0.759466 0.145114 0.477942
0 0.313676 0.773942 0.124151 0.448992
0 0.892810 0.772870 0.122868 0.451134
0 0.424741 0.779630 0.112077 0.437614
0 0.096629 0.758840 0.101767 0.477295
0 0.528064 0.780715 0.104024 0.435444
0 0.818424 0.750707 0.088050 0.402389
0 0.164685 0.552679 0.094031 0.104501
0 0.240411 0.706372 0.108014 0.382430
0 0.392366 0.538026 0.108648 0.194668
0 0.677956 0.584781 0.083886 0.132726
0 0.617772 0.516053 0.089519 0.140169
0 0.302265 0.546142 0.069053 0.101464