0 0.933736 0.606499 0.080223 0.248160
0 0.233763 0.599445 0.080395 0.240423
0 0.310570 0.591892 0.066502 0.239041
0 0.381181 0.597165 0.071894 0.241952
0 0.045067 0.572868 0.070473 0.257946
0 0.149511 0.593986 0.070374 0.245316
0 0.751557 0.601074 0.073981 0.238186
0 0.634909 0.596693 0.063296 0.231437
0 0.690135 0.598957 0.065582 0.229277
0 0.872414 0.607973 0.065214 0.228843
0 0.502337 0.603181 0.065545 0.224880
0 0.575261 0.599945 0.072510 0.228924
0 0.444654 0.595230 0.063390 0.238006
0 0.080422 0.605605 0.071141 0.235835
0 0.813419 0.607813 0.061321 0.228101
0 0.228101 0.479973 0.079437 0.088604