0 0.849890 0.617694 0.124915 0.334916
0 0.926034 0.596751 0.093472 0.230883
0 0.660460 0.603652 0.124293 0.196441
0 0.079387 0.678661 0.076029 0.239927
0 0.756307 0.594359 0.093989 0.162599
0 0.143196 0.670650 0.071507 0.213390
0 0.528361 0.625723 0.031096 0.089544
0 0.437388 0.620422 0.045259 0.103838
0 0.485529 0.624191 0.033438 0.103247
0 0.284603 0.622959 0.050758 0.112680
0 0.568504 0.627227 0.025121 0.082220
0 0.193596 0.663172 0.064968 0.185877
0 0.334335 0.616902 0.037079 0.090885
0 0.017103 0.620933 0.033556 0.116782