0 0.047846 0.531699 0.095316 0.285277
0 0.127260 0.534533 0.085576 0.289163
0 0.960040 0.527584 0.074216 0.272192
0 0.486784 0.580528 0.112027 0.200191
0 0.893152 0.527110 0.072031 0.278464
0 0.381922 0.581244 0.081883 0.200475
0 0.265374 0.527236 0.088533 0.289080
0 0.812371 0.570501 0.134237 0.206576
0 0.638370 0.524528 0.078224 0.279850
0 0.198939 0.539082 0.068676 0.273119
0 0.335194 0.534025 0.064641 0.277127
0 0.704358 0.479326 0.082504 0.148173
0 0.706309 0.589613 0.085632 0.174968
0 0.588705 0.588939 0.092903 0.179538
0 0.741932 0.397348 0.077415 0.129149
0 0.524236 0.503548 0.065124 0.201831
0 0.523169 0.395496 0.075704 0.129347