0 0.558167 0.427047 0.070131 0.168243
0 0.638228 0.407966 0.076354 0.183846
0 0.124609 0.422702 0.072648 0.179492
0 0.973893 0.467544 0.049089 0.084301
0 0.765928 0.424298 0.064435 0.114044
0 0.878772 0.466396 0.106147 0.093060
0 0.010710 0.441652 0.021215 0.078953
0 0.380282 0.404110 0.043653 0.101399
0 0.206332 0.445610 0.051394 0.149773
0 0.830575 0.455933 0.060694 0.065391
0 0.394717 0.480681 0.063922 0.067867
0 0.945092 0.437997 0.060368 0.131296
0 0.290806 0.479551 0.065074 0.068855
0 0.498146 0.439158 0.077439 0.139958