0 0.435861 0.457405 0.223026 0.289028
0 0.392750 0.329442 0.056586 0.083026
0 0.433646 0.322863 0.042896 0.085291
0 0.195654 0.306574 0.049139 0.136207
0 0.171521 0.329256 0.056744 0.089718
0 0.329211 0.299072 0.020780 0.060490
0 0.511570 0.327752 0.033476 0.066670
0 0.067578 0.338475 0.046083 0.085257
0 0.114645 0.316985 0.033693 0.050557
0 0.025634 0.316239 0.036538 0.044475
0 0.464806 0.323418 0.059217 0.082800
0 0.558369 0.349378 0.059798 0.085015
0 0.485096 0.378018 0.106465 0.126081
0 0.540557 0.338767 0.047121 0.104135