0 0.891203 0.598034 0.181281 0.202986
0 0.088137 0.549011 0.104227 0.259505
0 0.605707 0.590536 0.084743 0.211452
0 0.340700 0.598314 0.083837 0.202667
0 0.260773 0.598144 0.089666 0.188436
0 0.683344 0.605237 0.091319 0.190467
0 0.516667 0.587444 0.099504 0.219946
0 0.428307 0.594587 0.081496 0.206540
0 0.760933 0.601549 0.082617 0.188572
0 0.138020 0.406861 0.122390 0.178290
0 0.677291 0.402594 0.088000 0.171791
0 0.766539 0.407863 0.086917 0.163389
0 0.148592 0.574384 0.136827 0.262295
0 0.848118 0.394913 0.103776 0.139940
0 0.245364 0.492427 0.074312 0.140091
0 0.606568 0.395504 0.080345 0.185340
0 0.328045 0.407882 0.100073 0.185693
0 0.239905 0.413329 0.087850 0.167665
0 0.654425 0.494787 0.064304 0.126955
0 0.717298 0.506620 0.077751 0.136921
0 0.318036 0.493605 0.077829 0.141820
0 0.423372 0.398216 0.099769 0.178807
0 0.202782 0.595542 0.063218 0.179139
0 0.838058 0.506687 0.073071 0.196362