0 0.549060 0.679252 0.113750 0.296666
0 0.345720 0.678558 0.110355 0.280072
0 0.224331 0.617075 0.098197 0.352070
0 0.715741 0.622760 0.104472 0.355593
0 0.446502 0.680643 0.099348 0.281463
0 0.653196 0.673430 0.122434 0.292355
0 0.386745 0.531087 0.088787 0.183269
0 0.638412 0.513224 0.094871 0.157449
0 0.556264 0.529740 0.086271 0.131007
0 0.300631 0.624533 0.095872 0.339191
0 0.139657 0.693127 0.058642 0.088798
0 0.067770 0.533856 0.027351 0.078646
0 0.046793 0.533618 0.026323 0.079014
0 0.144019 0.532728 0.027314 0.075290
0 0.106035 0.522096 0.022241 0.064012
0 0.170990 0.520599 0.025661 0.063758
0 0.483074 0.556107 0.081830 0.165927
0 0.453828 0.490772 0.056310 0.099389