0 0.240206 0.607049 0.117543 0.333136
0 0.402295 0.655799 0.143200 0.229471
0 0.320761 0.594614 0.073329 0.285882
0 0.808808 0.643497 0.095327 0.248928
0 0.709186 0.668543 0.106200 0.185930
0 0.655465 0.600632 0.076670 0.187643
0 0.839990 0.606211 0.086661 0.279216
0 0.593705 0.625225 0.079815 0.232302
0 0.525553 0.619201 0.075110 0.229131
0 0.387763 0.546871 0.074180 0.140487
0 0.421966 0.491796 0.052557 0.107551
0 0.667667 0.504836 0.051201 0.078188
0 0.710556 0.559098 0.060509 0.111094
0 0.018263 0.547628 0.034732 0.064718
0 0.452111 0.470200 0.052444 0.083756
0 0.789034 0.492080 0.036942 0.055749