0 0.824033 0.797929 0.051949 0.071231
0 0.262243 0.804811 0.026283 0.057715
0 0.714515 0.801417 0.024497 0.061962
0 0.908835 0.805692 0.022358 0.055640
0 0.687124 0.799677 0.027402 0.067514
0 0.987190 0.805546 0.022494 0.056148
0 0.398501 0.799110 0.025585 0.067514
0 0.428538 0.800266 0.030701 0.066667
0 0.302248 0.791104 0.021724 0.053921
0 0.605388 0.791813 0.019856 0.050625
0 0.377647 0.799626 0.018509 0.055238
0 0.858743 0.801603 0.025697 0.064450
0 0.139294 0.804681 0.024523 0.053549
0 0.535490 0.794743 0.021453 0.052165
0 0.883088 0.799073 0.024928 0.069885
0 0.235526 0.806022 0.029728 0.054386