0 0.057996 0.707950 0.115978 0.252335
0 0.912276 0.634449 0.118916 0.385927
0 0.857462 0.713393 0.149480 0.314919
0 0.193488 0.709050 0.123030 0.244429
0 0.223789 0.551616 0.091493 0.185977
0 0.134216 0.614667 0.097635 0.292073
0 0.292385 0.682026 0.117673 0.253765
0 0.317735 0.551358 0.097694 0.197731
0 0.732074 0.704154 0.131618 0.232749
0 0.392287 0.702127 0.102920 0.219878
0 0.506658 0.699470 0.117075 0.214399
0 0.560875 0.551566 0.100536 0.234848
0 0.616401 0.694732 0.127084 0.235723
0 0.650207 0.534791 0.085221 0.204026
0 0.711672 0.561514 0.099844 0.213686
0 0.470641 0.546028 0.085633 0.200440
0 0.403481 0.548126 0.075760 0.153475
0 0.832787 0.552660 0.072397 0.181122
0 0.777045 0.581331 0.075954 0.241395