0 0.279328 0.745446 0.040833 0.120732
0 0.155940 0.727087 0.031098 0.094711
0 0.310976 0.735345 0.038485 0.142067
0 0.184418 0.731695 0.031031 0.091127
0 0.984953 0.715103 0.026969 0.102715
0 0.791139 0.723793 0.032704 0.111757
0 0.342389 0.737583 0.048538 0.152482
0 0.545611 0.733992 0.036914 0.128939
0 0.232246 0.737678 0.035332 0.115937
0 0.738059 0.720136 0.031160 0.117666
0 0.512064 0.737364 0.039882 0.125290
0 0.698086 0.724379 0.032643 0.121118
0 0.645000 0.723409 0.037826 0.126509
0 0.928656 0.709879 0.030281 0.097193
0 0.599552 0.724692 0.041367 0.133549