0 0.849720 0.543967 0.118618 0.409432
0 0.169050 0.474526 0.122419 0.291187
0 0.122471 0.740780 0.184214 0.252491
0 0.401292 0.640478 0.153549 0.337981
0 0.751346 0.526087 0.118393 0.396491
0 0.496887 0.664558 0.112658 0.231475
0 0.248834 0.668177 0.138745 0.270157
0 0.402722 0.437905 0.096965 0.187223
0 0.656355 0.648578 0.208028 0.372393
0 0.225618 0.440784 0.092529 0.224527
0 0.494290 0.468228 0.101022 0.227880
0 0.316405 0.508881 0.108971 0.311061
0 0.584222 0.370207 0.099269 0.128459
0 0.574933 0.447628 0.072141 0.153167
0 0.565749 0.603746 0.097148 0.286586
0 0.695414 0.373200 0.080585 0.130809
0 0.652176 0.465860 0.103584 0.198700
0 0.801113 0.382332 0.057746 0.128601
0 0.322006 0.357942 0.112391 0.118811