0 0.766827 0.670741 0.234820 0.253908
0 0.943002 0.657557 0.110871 0.278689
0 0.028221 0.645871 0.056035 0.221626
0 0.402053 0.641135 0.070727 0.227326
0 0.474488 0.648566 0.077517 0.223665
0 0.550050 0.647402 0.077629 0.229303
0 0.079553 0.626564 0.066105 0.187287
0 0.153640 0.646919 0.060367 0.216874
0 0.645870 0.632919 0.073930 0.212158
0 0.206082 0.644389 0.063013 0.220482
0 0.915958 0.623688 0.072820 0.198319
0 0.827220 0.598292 0.067240 0.108323
0 0.270396 0.625106 0.047664 0.165786
0 0.338261 0.618310 0.055548 0.168265
0 0.607697 0.620547 0.037259 0.171584