0 0.525629 0.679182 0.318837 0.199344
0 0.137549 0.592620 0.136754 0.124031
0 0.926927 0.516931 0.097803 0.078266
0 0.359924 0.548062 0.113191 0.093063
0 0.251625 0.598632 0.181192 0.125207
0 0.840662 0.518621 0.064703 0.067523
0 0.514751 0.464432 0.047663 0.084921
0 0.303941 0.521231 0.054478 0.078728
0 0.762481 0.481368 0.092960 0.062402
0 0.244565 0.545713 0.076611 0.103668
0 0.817026 0.479863 0.036538 0.053854
0 0.847874 0.483597 0.066850 0.059521
0 0.474136 0.467449 0.046602 0.081179
0 0.981207 0.501529 0.034461 0.058971
0 0.554975 0.472724 0.049138 0.046055
0 0.980922 0.528396 0.035031 0.050552
0 0.910329 0.687490 0.174772 0.148520