0 0.472804 0.795022 0.018613 0.054149
0 0.358798 0.759232 0.015152 0.043624
0 0.613224 0.788746 0.019248 0.053030
0 0.843386 0.771929 0.017303 0.045270
0 0.305797 0.763214 0.022491 0.072395
0 0.893004 0.809152 0.027393 0.048578
0 0.172376 0.777559 0.014861 0.048670
0 0.187348 0.775225 0.017817 0.047147
0 0.922629 0.724316 0.015778 0.035054
0 0.028940 0.788358 0.021885 0.053508
0 0.943782 0.735342 0.018018 0.043625
0 0.427327 0.707069 0.017256 0.041887
0 0.287014 0.680974 0.011937 0.033248
0 0.167279 0.717027 0.013837 0.039322