0 0.501757 0.644713 0.218350 0.293869
0 0.223018 0.689450 0.133573 0.261895
0 0.344249 0.672466 0.160338 0.314268
0 0.693116 0.734533 0.181637 0.189991
0 0.773844 0.540860 0.082458 0.142779
0 0.795521 0.717115 0.122533 0.225021
0 0.127161 0.598455 0.091349 0.257944
0 0.972341 0.521603 0.052194 0.135751
0 0.971539 0.698353 0.053797 0.260437
0 0.231622 0.539622 0.071119 0.172139
0 0.643027 0.552563 0.074808 0.178810
0 0.325578 0.514287 0.072352 0.154340
0 0.013986 0.554552 0.027718 0.217399
0 0.581238 0.707991 0.098218 0.244145