0 0.687366 0.666548 0.058977 0.187953
0 0.614135 0.673702 0.060189 0.178736
0 0.799121 0.674499 0.059873 0.170363
0 0.318482 0.681341 0.065223 0.188546
0 0.273251 0.664952 0.059365 0.194849
0 0.210034 0.660725 0.065178 0.165075
0 0.522380 0.671107 0.060065 0.190022
0 0.985230 0.661266 0.026414 0.120508
0 0.363478 0.676559 0.049072 0.184230
0 0.437568 0.667140 0.063941 0.188082
0 0.169781 0.657593 0.041618 0.129355
0 0.965231 0.661259 0.028873 0.116789
0 0.726053 0.654360 0.037594 0.160938
0 0.582227 0.631366 0.036076 0.094645