0 0.885368 0.550812 0.143198 0.437193
0 0.303118 0.602703 0.196333 0.225618
0 0.176842 0.535481 0.146283 0.344347
0 0.588581 0.508553 0.109420 0.321399
0 0.790405 0.515937 0.101662 0.363130
0 0.456708 0.518518 0.113844 0.336844
0 0.694055 0.519754 0.105181 0.353850
0 0.297070 0.449624 0.073690 0.180565
0 0.030941 0.425493 0.033880 0.063335
0 0.337141 0.446217 0.094135 0.155806
0 0.388095 0.496703 0.075307 0.255220
0 0.234536 0.519551 0.067051 0.282759
0 0.527382 0.496394 0.081618 0.317077
0 0.651750 0.383730 0.065906 0.080996