0 0.933620 0.763790 0.071278 0.139802
0 0.515414 0.783176 0.070611 0.098330
0 0.732212 0.753586 0.052886 0.158910
0 0.884650 0.792243 0.074673 0.080966
0 0.800789 0.776762 0.050885 0.113657
0 0.142576 0.798716 0.077735 0.069646
0 0.401271 0.794207 0.059355 0.077484
0 0.686424 0.761512 0.051960 0.143742
0 0.171912 0.710511 0.059195 0.123933
0 0.525229 0.675001 0.021994 0.062203
0 0.355998 0.722239 0.034655 0.100643
0 0.320126 0.738785 0.035676 0.133022
0 0.981181 0.770748 0.034512 0.119668
0 0.579128 0.701804 0.037138 0.096747
0 0.267786 0.788724 0.082847 0.088954
0 0.266253 0.700237 0.033402 0.095972
0 0.365892 0.800256 0.041051 0.065479
0 0.649080 0.707326 0.026833 0.081295