0 0.824324 0.663194 0.193528 0.335727
0 0.193348 0.660790 0.188849 0.337287
0 0.386128 0.682357 0.218854 0.293471
0 0.654118 0.705661 0.194235 0.250990
0 0.276673 0.497223 0.208882 0.439804
0 0.514602 0.564652 0.136355 0.502591
0 0.637118 0.537872 0.144001 0.408964
0 0.735880 0.482430 0.147257 0.444717
0 0.839039 0.427813 0.118035 0.306034
0 0.174201 0.386911 0.160984 0.282184
0 0.386144 0.487801 0.150190 0.275478
0 0.655521 0.294666 0.149907 0.178662
0 0.358492 0.308809 0.122628 0.210894
0 0.451177 0.355234 0.080520 0.137486
0 0.574636 0.360460 0.074180 0.126113