0 0.854615 0.685516 0.213104 0.210652
0 0.499509 0.474588 0.141434 0.443864
0 0.186790 0.693933 0.148471 0.207493
0 0.344708 0.691592 0.167480 0.207372
0 0.783731 0.470565 0.239580 0.178222
0 0.353855 0.515722 0.146946 0.331466
0 0.471910 0.684630 0.220432 0.209474
0 0.660839 0.691915 0.241936 0.206479
0 0.197814 0.548986 0.217673 0.347628
0 0.565109 0.597947 0.197114 0.245676
0 0.270416 0.593225 0.146762 0.254320
0 0.722752 0.609297 0.162871 0.245953
0 0.625257 0.493720 0.120233 0.323539
0 0.433134 0.568505 0.107254 0.156901