0 0.862218 0.531668 0.091556 0.284191
0 0.851389 0.624718 0.202402 0.172210
0 0.137354 0.522027 0.089236 0.285201
0 0.360294 0.594963 0.095119 0.201194
0 0.453347 0.586187 0.121994 0.215784
0 0.686528 0.617843 0.140552 0.182897
0 0.800881 0.488062 0.067905 0.184995
0 0.622349 0.512059 0.085586 0.236643
0 0.192033 0.584360 0.096722 0.195852
0 0.286384 0.597080 0.102869 0.187726
0 0.569582 0.617231 0.187201 0.174494
0 0.303078 0.471025 0.064017 0.187836
0 0.247447 0.458329 0.059520 0.208097
0 0.718046 0.490935 0.082317 0.174475
0 0.355741 0.471633 0.058761 0.168111
0 0.491334 0.470495 0.087580 0.192844
0 0.416146 0.468124 0.078250 0.154043
0 0.561554 0.501172 0.059159 0.199400
0 0.762658 0.459203 0.059953 0.173203