0 0.661777 0.539344 0.112192 0.244773
0 0.921098 0.537463 0.084178 0.242479
0 0.070644 0.506302 0.101639 0.254037
0 0.426389 0.523308 0.079489 0.229759
0 0.780583 0.562807 0.094274 0.139005
0 0.577088 0.589585 0.098116 0.175188
0 0.747368 0.461587 0.070345 0.215239
0 0.218884 0.526102 0.097263 0.203396
0 0.840006 0.448363 0.085402 0.226130
0 0.499009 0.594716 0.129993 0.172095
0 0.876605 0.494569 0.081118 0.238260
0 0.295736 0.447233 0.061256 0.176305
0 0.306130 0.543443 0.087278 0.114713
0 0.350688 0.452201 0.062274 0.168081
0 0.161392 0.460359 0.064423 0.155099
0 0.230909 0.635965 0.161652 0.232871
0 0.192237 0.583456 0.078716 0.124894
0 0.330609 0.605378 0.150558 0.148426
0 0.485987 0.530537 0.081419 0.202499