0 0.543738 0.680520 0.289075 0.341235
0 0.738396 0.674081 0.162887 0.356632
0 0.859857 0.657483 0.176676 0.390293
0 0.073799 0.657621 0.147263 0.370525
0 0.185514 0.654748 0.181789 0.394596
0 0.951066 0.649869 0.094743 0.369792
0 0.511012 0.558540 0.205469 0.406661
0 0.275897 0.679061 0.252633 0.342509
0 0.183311 0.448904 0.196609 0.223089
0 0.942854 0.465314 0.111167 0.191253
0 0.210769 0.347581 0.169812 0.187551
0 0.614333 0.290505 0.106231 0.150424
0 0.058456 0.347500 0.116911 0.206194
0 0.856818 0.475160 0.130054 0.184826
0 0.722547 0.293879 0.122927 0.205959
0 0.344773 0.570053 0.201412 0.427304
0 0.386960 0.337932 0.165986 0.233993
0 0.786297 0.349604 0.115177 0.208490
0 0.749172 0.470053 0.095886 0.235193
0 0.879211 0.339849 0.138980 0.220522
0 0.507308 0.361382 0.259011 0.221628
0 0.052850 0.516496 0.105561 0.298968