0 0.099724 0.640114 0.174078 0.408239
0 0.900832 0.536859 0.162638 0.452999
0 0.756917 0.560296 0.175533 0.394693
0 0.247905 0.538200 0.148752 0.364023
0 0.381423 0.563442 0.175025 0.411254
0 0.467985 0.657631 0.150723 0.384837
0 0.598721 0.670495 0.164159 0.384954
0 0.550645 0.328413 0.154249 0.313185
0 0.792748 0.324739 0.121430 0.295116
0 0.907465 0.304423 0.127837 0.207998
0 0.651219 0.460380 0.113328 0.288469
0 0.459366 0.337080 0.087333 0.252205
0 0.668792 0.309149 0.127036 0.238243
0 0.385693 0.373330 0.126814 0.281044
0 0.287608 0.380580 0.094352 0.229551