0 0.787111 0.589315 0.199476 0.486952
0 0.400259 0.572736 0.122936 0.505131
0 0.932309 0.561999 0.132257 0.532302
0 0.240741 0.579972 0.148334 0.490580
0 0.667454 0.599040 0.095753 0.376368
0 0.608157 0.458556 0.052071 0.140824
0 0.125780 0.520298 0.155715 0.575256
0 0.331698 0.489764 0.067287 0.232539
0 0.904102 0.416112 0.072358 0.126491
0 0.523671 0.486673 0.086092 0.088723
0 0.517582 0.425852 0.053868 0.081011
0 0.040967 0.535419 0.081047 0.356156
0 0.032991 0.411464 0.065715 0.106553
0 0.561310 0.446890 0.038169 0.111833
0 0.868050 0.448217 0.068670 0.130618