0 0.061858 0.462758 0.099451 0.252264
0 0.868336 0.420901 0.115716 0.226938
0 0.476179 0.528014 0.124539 0.237022
0 0.252038 0.530586 0.099465 0.174663
0 0.765557 0.472431 0.097288 0.269699
0 0.154099 0.432895 0.085042 0.204672
0 0.363741 0.558678 0.101356 0.167617
0 0.585833 0.563343 0.118228 0.164852
0 0.852278 0.609270 0.166399 0.158004
0 0.594241 0.445474 0.086794 0.192522
0 0.677410 0.429299 0.088835 0.186703
0 0.831417 0.534683 0.083229 0.114697
0 0.229074 0.406421 0.082071 0.173613
0 0.319308 0.472112 0.091189 0.271084
0 0.659680 0.526433 0.054683 0.103187
0 0.417703 0.461440 0.074349 0.230320
0 0.688515 0.569824 0.175735 0.169616
0 0.517187 0.461501 0.070414 0.222952
0 0.165018 0.563016 0.284298 0.194402