0 0.126726 0.578960 0.251606 0.244411
0 0.879230 0.524578 0.163440 0.383886
0 0.608084 0.592000 0.212167 0.251217
0 0.719980 0.604884 0.156138 0.217413
0 0.467829 0.523375 0.097409 0.219264
0 0.158793 0.412149 0.110251 0.150119
0 0.367202 0.548999 0.121677 0.145551
0 0.351219 0.446847 0.128042 0.251295
0 0.638390 0.437412 0.130820 0.178116
0 0.483762 0.398307 0.091950 0.183274
0 0.752739 0.539706 0.099978 0.166590
0 0.811282 0.489334 0.132698 0.358908
0 0.421785 0.411621 0.045764 0.136897
0 0.647563 0.535076 0.087104 0.164504
0 0.624838 0.384083 0.069640 0.106911
0 0.260816 0.467789 0.156523 0.265749