0 0.922531 0.540371 0.133318 0.505779
0 0.070827 0.585873 0.130158 0.478309
0 0.150449 0.669082 0.099259 0.342214
0 0.816651 0.681009 0.099611 0.305094
0 0.624011 0.689546 0.099815 0.338552
0 0.829661 0.528331 0.108960 0.402186
0 0.720331 0.687423 0.100243 0.299174
0 0.328761 0.691840 0.129654 0.325074
0 0.415253 0.681521 0.109304 0.349236
0 0.715787 0.459981 0.130594 0.282595
0 0.516368 0.703690 0.106314 0.316133
0 0.822406 0.333312 0.148714 0.163766
0 0.198055 0.582447 0.132848 0.435466
0 0.318930 0.471527 0.109704 0.249475
0 0.420528 0.475519 0.100883 0.206488
0 0.592824 0.464954 0.117921 0.293110
0 0.696660 0.322966 0.098622 0.196153
0 0.493467 0.463911 0.103942 0.236256