0 0.496253 0.639419 0.457213 0.718037
0 0.079125 0.586068 0.157876 0.739464
0 0.826175 0.623266 0.335988 0.746441
0 0.601136 0.213819 0.144466 0.264329
0 0.217313 0.620096 0.248991 0.584477
0 0.338270 0.604825 0.203709 0.685915
0 0.328413 0.263991 0.190122 0.302148
0 0.174215 0.253737 0.138234 0.247873
0 0.726529 0.222681 0.128358 0.191423
0 0.686341 0.642737 0.206081 0.706812
0 0.957179 0.138921 0.082516 0.145676
0 0.475066 0.224837 0.151842 0.193316
0 0.889623 0.343776 0.214845 0.471915
0 0.242490 0.223166 0.099103 0.188030