0 0.349159 0.592917 0.207624 0.442952
0 0.068582 0.548451 0.126091 0.529566
0 0.728105 0.578533 0.265938 0.466917
0 0.919328 0.540588 0.120464 0.528170
0 0.526241 0.610179 0.163118 0.360436
0 0.193846 0.549644 0.148726 0.533522
0 0.822698 0.533690 0.136584 0.505222
0 0.464189 0.344206 0.125211 0.262564
0 0.587701 0.364021 0.124407 0.321962
0 0.144126 0.293968 0.095741 0.170910
0 0.325976 0.486315 0.125243 0.364705
0 0.688648 0.363325 0.162670 0.227669
0 0.302660 0.306493 0.141600 0.221022
0 0.831189 0.276723 0.087890 0.161362