0 0.815418 0.618835 0.140274 0.251103
0 0.141589 0.558719 0.091730 0.364898
0 0.579939 0.624981 0.098021 0.173287
0 0.508138 0.621644 0.097690 0.207491
0 0.430831 0.623199 0.096493 0.222401
0 0.564181 0.513437 0.081516 0.129663
0 0.266451 0.654573 0.103116 0.222979
0 0.205716 0.480330 0.077097 0.224407
0 0.717808 0.632020 0.129815 0.215545
0 0.351294 0.636549 0.092456 0.223390
0 0.630352 0.513990 0.075470 0.111657
0 0.694304 0.512084 0.071219 0.120582
0 0.431842 0.512747 0.090272 0.116727
0 0.347925 0.522138 0.088319 0.112017
0 0.582900 0.441574 0.062763 0.130450
0 0.496759 0.511287 0.067598 0.116406
0 0.309434 0.454023 0.091970 0.162232
0 0.750094 0.438517 0.085549 0.133033
0 0.642864 0.619953 0.084369 0.198089
0 0.527271 0.439967 0.055947 0.123271
0 0.636739 0.439604 0.058981 0.130110