0 0.076484 0.682671 0.152470 0.231277
0 0.509744 0.662027 0.057416 0.163761
0 0.365577 0.653705 0.087288 0.183329
0 0.799801 0.645278 0.047817 0.139086
0 0.758007 0.646301 0.047478 0.134767
0 0.690177 0.639184 0.049230 0.141916
0 0.545950 0.637611 0.039230 0.114380
0 0.944556 0.612062 0.030024 0.075822
0 0.986473 0.611105 0.023929 0.092113
0 0.847487 0.625723 0.036111 0.087677
0 0.646830 0.639059 0.034991 0.118439
0 0.905047 0.609655 0.028139 0.072866
0 0.302523 0.554697 0.017077 0.047449
0 0.583464 0.649079 0.038752 0.093955
0 0.238975 0.551901 0.023664 0.048149
0 0.287527 0.554308 0.015564 0.044762
0 0.269091 0.554337 0.018107 0.040434
0 0.621432 0.630660 0.031034 0.099364