0 0.431487 0.797693 0.044773 0.116965
0 0.390076 0.800319 0.040124 0.116576
0 0.048133 0.739269 0.042815 0.105293
0 0.343466 0.595003 0.026296 0.066733
0 0.136515 0.599858 0.035892 0.067820
0 0.785724 0.679860 0.030406 0.087836
0 0.859760 0.661660 0.033615 0.086198
0 0.480562 0.652884 0.031969 0.081289
0 0.059382 0.528648 0.018183 0.039630
0 0.732557 0.600910 0.028473 0.076378
0 0.244623 0.569495 0.020516 0.057478
0 0.907790 0.654654 0.029607 0.087928
0 0.651479 0.645035 0.026147 0.084973
0 0.965645 0.660120 0.034276 0.083563
0 0.591475 0.766466 0.053967 0.101822
0 0.204308 0.529440 0.017306 0.049482
0 0.081222 0.579722 0.029482 0.070505
0 0.981940 0.567095 0.025208 0.059454
0 0.567868 0.587439 0.025498 0.071387
0 0.905534 0.596913 0.031788 0.056237
0 0.813957 0.602630 0.024135 0.062779
0 0.535868 0.587395 0.025626 0.068305
0 0.894944 0.540536 0.018695 0.052826