0 0.227014 0.691094 0.142156 0.175867
0 0.687720 0.647162 0.090624 0.262767
0 0.591895 0.646617 0.084169 0.250111
0 0.826150 0.662765 0.067813 0.233129
0 0.931608 0.640168 0.093697 0.246916
0 0.421666 0.638758 0.071601 0.226387
0 0.358343 0.646433 0.051006 0.212430
0 0.872632 0.570863 0.062136 0.157182
0 0.787894 0.579029 0.033054 0.128223
0 0.507649 0.545286 0.036575 0.104861
0 0.631149 0.538124 0.046932 0.090139
0 0.985301 0.616009 0.026273 0.176215
0 0.594943 0.513800 0.026925 0.039271
0 0.443620 0.531260 0.021186 0.065045
0 0.964735 0.596460 0.036862 0.172636