0 0.529750 0.593492 0.203325 0.364984
0 0.184280 0.586912 0.068601 0.196771
0 0.657627 0.639943 0.104476 0.274437
0 0.124872 0.565925 0.074471 0.205018
0 0.063473 0.596549 0.087950 0.164754
0 0.351630 0.624517 0.076034 0.245210
0 0.285768 0.608929 0.087134 0.269512
0 0.397212 0.601246 0.062112 0.191404
0 0.754025 0.617008 0.033002 0.085156
0 0.840384 0.639429 0.041431 0.108331
0 0.059366 0.531073 0.033329 0.079059
0 0.238174 0.594037 0.043384 0.140231
0 0.023000 0.532497 0.022899 0.079427
0 0.988758 0.649000 0.019358 0.104847
0 0.892071 0.631509 0.035448 0.087978
0 0.772657 0.608307 0.016871 0.054417
0 0.958532 0.631960 0.027986 0.065486