0 0.208967 0.676734 0.106408 0.294502
0 0.813389 0.647147 0.053710 0.151391
0 0.304866 0.671327 0.096885 0.233548
0 0.403845 0.670352 0.074890 0.236028
0 0.048257 0.645070 0.073805 0.159028
0 0.160518 0.674293 0.067204 0.256936
0 0.108867 0.628508 0.047169 0.130890
0 0.604974 0.643221 0.045189 0.131723
0 0.520599 0.631083 0.041546 0.141278
0 0.856346 0.645554 0.045934 0.159024
0 0.647812 0.638517 0.047397 0.142116
0 0.573021 0.628180 0.035992 0.101645
0 0.360850 0.634251 0.040150 0.134878
0 0.013256 0.606592 0.026512 0.086812
0 0.927439 0.654780 0.043990 0.090066
0 0.736350 0.613878 0.027125 0.073758
0 0.982929 0.653591 0.031017 0.093002
0 0.702614 0.631039 0.045642 0.114632