0 0.213536 0.434150 0.020301 0.029406
0 0.370222 0.446288 0.026617 0.056303
0 0.704213 0.532227 0.035426 0.073526
0 0.866105 0.527396 0.035070 0.069128
0 0.653048 0.532921 0.025950 0.049461
0 0.239225 0.432774 0.030150 0.041806
0 0.063744 0.536138 0.032927 0.076923
0 0.013563 0.515662 0.024729 0.042910
0 0.785685 0.531668 0.028448 0.090864
0 0.678694 0.532016 0.024630 0.054922
0 0.198233 0.530068 0.025278 0.048329
0 0.631502 0.532027 0.025702 0.051555
0 0.805928 0.526992 0.023414 0.057208
0 0.283136 0.438322 0.016657 0.031699
0 0.748283 0.542104 0.025843 0.073572
0 0.576501 0.531518 0.030257 0.032654
0 0.765417 0.535074 0.030414 0.085892