0 0.185466 0.588197 0.045571 0.172514
0 0.150320 0.603744 0.048284 0.160117
0 0.225020 0.595370 0.059439 0.162614
0 0.063612 0.560510 0.028153 0.075104
0 0.504446 0.542158 0.044063 0.088796
0 0.101878 0.553234 0.032703 0.073383
0 0.784887 0.541102 0.046941 0.118464
0 0.664950 0.542479 0.015845 0.040295
0 0.892814 0.556220 0.034047 0.087677
0 0.572902 0.537169 0.012521 0.036983
0 0.713253 0.546524 0.026045 0.060950
0 0.866069 0.548125 0.022438 0.063655
0 0.953503 0.559248 0.034564 0.106283
0 0.623637 0.542348 0.017221 0.042557
0 0.695197 0.543660 0.019588 0.059241