0 0.867912 0.672706 0.231713 0.221173
0 0.520937 0.648558 0.239266 0.271117
0 0.702344 0.664409 0.171928 0.240080
0 0.222421 0.615275 0.147766 0.232381
0 0.376030 0.648831 0.144503 0.269847
0 0.299421 0.473914 0.133902 0.215032
0 0.090425 0.616609 0.137234 0.224025
0 0.794892 0.605587 0.111341 0.176052
0 0.610638 0.598459 0.111884 0.179297
0 0.971813 0.452647 0.053249 0.135471
0 0.947545 0.599854 0.101786 0.215225
0 0.675820 0.525807 0.067265 0.121957
0 0.418772 0.484701 0.095047 0.132889
0 0.754612 0.567264 0.063669 0.126140
0 0.423145 0.544701 0.085476 0.138383