0 0.159346 0.695938 0.092771 0.241002
0 0.858033 0.685112 0.098966 0.211866
0 0.295526 0.683642 0.075113 0.241586
0 0.365898 0.691400 0.079688 0.249158
0 0.764429 0.680083 0.089198 0.243631
0 0.228781 0.692750 0.079657 0.238553
0 0.548797 0.684155 0.098417 0.269699
0 0.671292 0.693681 0.069879 0.206071
0 0.047710 0.699317 0.088772 0.258117
0 0.419200 0.691235 0.064447 0.232365
0 0.108676 0.689129 0.065841 0.252045
0 0.606689 0.682982 0.066987 0.232901
0 0.486580 0.691772 0.071495 0.214766
0 0.710262 0.690343 0.052337 0.201322