0 0.296935 0.642817 0.188085 0.445905
0 0.482890 0.697355 0.248943 0.486624
0 0.072794 0.656589 0.144991 0.398815
0 0.166353 0.680577 0.145679 0.412261
0 0.667740 0.526143 0.096636 0.287724
0 0.194942 0.565334 0.112991 0.325739
0 0.803632 0.445235 0.058938 0.160903
0 0.866677 0.431089 0.053506 0.150134
0 0.587915 0.534482 0.082992 0.245267
0 0.752109 0.444553 0.049365 0.149501
0 0.956577 0.418294 0.043744 0.124325
0 0.920891 0.420979 0.045415 0.126425
0 0.505909 0.501558 0.091181 0.147026
0 0.406000 0.460846 0.087566 0.127002