0 0.477505 0.738359 0.034710 0.081987
0 0.847938 0.704675 0.053905 0.103859
0 0.661102 0.733220 0.034179 0.084690
0 0.775248 0.720544 0.037440 0.077004
0 0.721996 0.722299 0.041602 0.111546
0 0.227021 0.668554 0.018938 0.049861
0 0.325433 0.659293 0.016460 0.043739
0 0.693902 0.728703 0.028675 0.087869
0 0.398932 0.677602 0.018450 0.054576
0 0.280312 0.675647 0.031879 0.060065
0 0.913870 0.704110 0.044783 0.110856
0 0.200633 0.718714 0.019182 0.060395
0 0.222999 0.724196 0.015721 0.048092
0 0.747393 0.723321 0.023505 0.069529
0 0.373913 0.663499 0.015864 0.044314