0 0.273810 0.506383 0.101055 0.301646
0 0.050424 0.522569 0.100815 0.250689
0 0.482930 0.530390 0.113098 0.314377
0 0.383983 0.519058 0.105846 0.284394
0 0.111394 0.525558 0.076883 0.258172
0 0.724883 0.477049 0.061322 0.145398
0 0.610482 0.458816 0.053451 0.166487
0 0.663489 0.473605 0.057545 0.172417
0 0.212969 0.482144 0.064896 0.205583
0 0.956722 0.441461 0.046462 0.085639
0 0.537764 0.455331 0.044126 0.167806
0 0.565833 0.446222 0.038532 0.141088
0 0.164888 0.449802 0.048348 0.142100
0 0.805787 0.418686 0.017405 0.046231