0 0.725718 0.525729 0.313541 0.636137
0 0.380486 0.519607 0.260338 0.642161
0 0.557265 0.388596 0.116584 0.363617
0 0.246601 0.433740 0.142674 0.432059
0 0.930426 0.284100 0.053647 0.163713
0 0.168798 0.399113 0.104843 0.373718
0 0.869419 0.319787 0.091848 0.240851
0 0.109318 0.410958 0.107364 0.330245
0 0.972710 0.356609 0.051456 0.256235
0 0.016045 0.404499 0.031770 0.226209
0 0.809660 0.275609 0.078319 0.126047
0 0.613397 0.260750 0.049903 0.112874
0 0.503293 0.296332 0.072928 0.192924
0 0.296608 0.273317 0.066908 0.092603