0 0.926382 0.655874 0.117870 0.257800
0 0.778195 0.617641 0.087552 0.236406
0 0.219381 0.583088 0.060797 0.168784
0 0.320200 0.587330 0.067603 0.141783
0 0.415450 0.637573 0.084435 0.253944
0 0.559965 0.597437 0.057506 0.183099
0 0.667589 0.585679 0.050322 0.145512
0 0.686979 0.574210 0.033352 0.142942
0 0.590475 0.554139 0.039102 0.118114
0 0.025778 0.546565 0.034361 0.077566
0 0.126118 0.544760 0.017939 0.044363
0 0.487780 0.614979 0.068861 0.176223
0 0.377794 0.575753 0.044937 0.110338
0 0.513732 0.584187 0.037443 0.146223
0 0.050232 0.542076 0.032440 0.083952
0 0.748145 0.563191 0.029482 0.118259