0 0.116911 0.750666 0.045117 0.107918
0 0.205637 0.737422 0.029948 0.118464
0 0.026358 0.717892 0.034948 0.076576
0 0.143612 0.731568 0.031201 0.106977
0 0.765229 0.669078 0.035723 0.077458
0 0.720033 0.679663 0.023778 0.081684
0 0.586084 0.490197 0.014894 0.040850
0 0.744476 0.668690 0.026042 0.079998
0 0.625415 0.492033 0.015593 0.030909
0 0.763369 0.473942 0.009888 0.027966
0 0.732635 0.471951 0.014164 0.030215
0 0.905111 0.475044 0.009952 0.024644
0 0.920538 0.476772 0.009982 0.023044
0 0.670991 0.445092 0.007568 0.023545
0 0.934768 0.479961 0.009442 0.018183