0 0.911574 0.723799 0.167037 0.278668
0 0.693824 0.764574 0.101320 0.230099
0 0.592740 0.763797 0.086242 0.230065
0 0.093610 0.697637 0.186894 0.205822
0 0.230837 0.721522 0.110221 0.245432
0 0.509636 0.758803 0.087844 0.240671
0 0.622875 0.593677 0.098742 0.246688
0 0.753801 0.379304 0.153317 0.105282
0 0.431319 0.693193 0.085241 0.212013
0 0.311412 0.762908 0.086657 0.234890
0 0.364381 0.632224 0.095544 0.254906
0 0.729450 0.624583 0.105562 0.258204
0 0.181798 0.586246 0.080871 0.160850
0 0.274379 0.600636 0.092174 0.151172
0 0.100553 0.570173 0.092846 0.173108
0 0.520171 0.579952 0.076809 0.228032
0 0.804652 0.600214 0.066812 0.255785
0 0.947827 0.546843 0.061490 0.127051
0 0.120676 0.431692 0.110770 0.184089