0 0.500051 0.733094 0.083492 0.213815
0 0.944104 0.688377 0.081409 0.202939
0 0.303594 0.474328 0.058944 0.144246
0 0.832351 0.698776 0.065945 0.195615
0 0.582510 0.724024 0.075168 0.213670
0 0.481737 0.501178 0.070787 0.147893
0 0.604395 0.503895 0.059740 0.162752
0 0.660320 0.501283 0.048218 0.156370
0 0.414619 0.493138 0.065011 0.157072
0 0.145625 0.405958 0.041411 0.125648
0 0.246505 0.392125 0.052966 0.141362
0 0.894788 0.494062 0.059110 0.144673
0 0.481496 0.408237 0.066815 0.093957
0 0.982683 0.808143 0.031508 0.099485
0 0.742666 0.464099 0.044075 0.141633
0 0.812556 0.476128 0.041689 0.136599
0 0.118255 0.388766 0.036926 0.122967
0 0.383285 0.527780 0.043023 0.110604
0 0.368784 0.432880 0.056484 0.134358
0 0.777912 0.467676 0.044994 0.130777
0 0.853396 0.466294 0.050596 0.147417
0 0.029323 0.396654 0.041946 0.114572
0 0.073734 0.424503 0.031600 0.091316
0 0.923203 0.459447 0.048590 0.132136
0 0.285789 0.408549 0.063354 0.106513
0 0.640017 0.405577 0.039732 0.114081
0 0.983615 0.232342 0.029645 0.090690
0 0.167732 0.384035 0.026366 0.102171