0 0.932666 0.515693 0.110611 0.409771
0 0.682692 0.606938 0.138449 0.287247
0 0.071852 0.508923 0.117572 0.375695
0 0.558016 0.582715 0.141098 0.268540
0 0.827410 0.595630 0.153428 0.312512
0 0.410654 0.497409 0.140037 0.367819
0 0.216095 0.604312 0.098061 0.242975
0 0.326437 0.593119 0.148989 0.247365
0 0.149171 0.518628 0.094557 0.364745
0 0.726103 0.446398 0.132923 0.209159
0 0.835514 0.442521 0.110016 0.245675
0 0.498773 0.513652 0.083834 0.336820
0 0.236282 0.448685 0.106937 0.206197
0 0.650196 0.429846 0.073044 0.200404
0 0.324642 0.435729 0.080825 0.173222