0 0.884230 0.582577 0.228415 0.572184
0 0.080852 0.616095 0.161702 0.505205
0 0.576784 0.642248 0.203776 0.458572
0 0.266740 0.639689 0.263727 0.459571
0 0.706319 0.585214 0.185300 0.573314
0 0.417110 0.593768 0.163003 0.518362
0 0.234577 0.447206 0.178236 0.274461
0 0.349680 0.388146 0.059157 0.088312
0 0.961218 0.422331 0.074440 0.155348
0 0.032984 0.419447 0.065663 0.116744
0 0.960172 0.602538 0.076530 0.517217
0 0.447923 0.410195 0.040895 0.065058
0 0.494308 0.545258 0.090688 0.374551
0 0.177850 0.410583 0.068833 0.131134
0 0.582459 0.434284 0.098914 0.186999