0 0.212319 0.578136 0.154394 0.334402
0 0.952105 0.534126 0.083539 0.183604
0 0.117916 0.516489 0.085096 0.166899
0 0.554937 0.544164 0.080199 0.255182
0 0.442435 0.491232 0.028375 0.078795
0 0.417012 0.490915 0.030319 0.079604
0 0.470560 0.490617 0.028709 0.076094
0 0.638717 0.496005 0.024152 0.076970
0 0.675423 0.484398 0.023011 0.066715
0 0.698462 0.484352 0.024471 0.064289
0 0.825054 0.490312 0.031392 0.077319
0 0.514274 0.501577 0.028504 0.095593
0 0.763108 0.489122 0.023789 0.070825
0 0.593295 0.492709 0.025445 0.083615
0 0.655792 0.485124 0.016560 0.053499
0 0.495320 0.492388 0.015587 0.058755