0 0.185509 0.676187 0.144280 0.306452
0 0.095239 0.686243 0.134433 0.288984
0 0.777490 0.654957 0.066058 0.197399
0 0.984539 0.704167 0.027798 0.227384
0 0.426976 0.584569 0.020334 0.061303
0 0.661995 0.588262 0.019304 0.050098
0 0.027387 0.578144 0.023844 0.057693
0 0.551620 0.587634 0.018460 0.048482
0 0.409008 0.586875 0.019315 0.054418
0 0.065575 0.581087 0.015936 0.053616
0 0.692477 0.585687 0.023220 0.074284
0 0.567211 0.587500 0.016540 0.049620
0 0.336117 0.586553 0.017886 0.054149
0 0.006720 0.581340 0.013441 0.058434
0 0.317487 0.587687 0.018501 0.053797
0 0.856577 0.575791 0.011863 0.027715