0 0.514054 0.727750 0.087921 0.206880
0 0.693739 0.696656 0.073169 0.160917
0 0.174561 0.707631 0.098321 0.246278
0 0.300027 0.723895 0.113292 0.212351
0 0.938931 0.723768 0.074866 0.213029
0 0.802029 0.666396 0.032147 0.076953
0 0.575179 0.688051 0.051339 0.127648
0 0.379036 0.714782 0.066387 0.232834
0 0.643595 0.688203 0.049933 0.127426
0 0.239750 0.706699 0.058616 0.223965
0 0.023710 0.718064 0.047148 0.227087
0 0.981354 0.707868 0.034168 0.196774
0 0.428059 0.723229 0.058712 0.216730
0 0.112292 0.715678 0.077296 0.231328
0 0.844460 0.665598 0.027084 0.080324
0 0.075053 0.715984 0.062494 0.214438
0 0.830774 0.666364 0.022015 0.080206