0 0.181577 0.669747 0.026864 0.072399
0 0.232008 0.667324 0.024322 0.064923
0 0.832754 0.578586 0.015487 0.047497
0 0.622981 0.717120 0.034751 0.095454
0 0.619979 0.642567 0.022035 0.058626
0 0.836038 0.710829 0.038670 0.087024
0 0.114206 0.758679 0.032889 0.092842
0 0.738226 0.639843 0.022923 0.060729
0 0.375719 0.709605 0.031297 0.075014
0 0.539515 0.633067 0.023106 0.059258
0 0.792777 0.699291 0.042639 0.088057
0 0.768059 0.567449 0.013956 0.044831
0 0.815643 0.649381 0.030948 0.070283
0 0.570388 0.611006 0.021507 0.050225
0 0.166358 0.748182 0.036530 0.086208
0 0.308531 0.652201 0.018156 0.058739
0 0.382621 0.583212 0.016574 0.047771