0 0.492626 0.716380 0.049327 0.127254
0 0.148700 0.727996 0.056057 0.143864
0 0.541573 0.724085 0.049223 0.116444
0 0.984966 0.722490 0.026942 0.123003
0 0.724154 0.722561 0.044446 0.122958
0 0.872017 0.699783 0.030021 0.084885
0 0.682589 0.703740 0.031721 0.088705
0 0.929395 0.703497 0.030787 0.079657
0 0.960042 0.704970 0.026031 0.076451
0 0.805096 0.696853 0.023849 0.069913
0 0.843893 0.694501 0.020690 0.064171
0 0.103119 0.688987 0.018509 0.032246
0 0.755380 0.696075 0.024370 0.071542
0 0.333956 0.732525 0.039478 0.059829