0 0.265558 0.720757 0.119470 0.222126
0 0.620748 0.727000 0.093151 0.209784
0 0.046946 0.722386 0.072563 0.180164
0 0.777545 0.714041 0.097802 0.234585
0 0.448572 0.714790 0.106982 0.234473
0 0.557656 0.715605 0.080878 0.232642
0 0.339887 0.710012 0.068855 0.221839
0 0.703822 0.709879 0.069503 0.238351
0 0.921041 0.710567 0.097116 0.241451
0 0.101567 0.719195 0.058369 0.176220
0 0.974280 0.711692 0.048316 0.234754
0 0.834229 0.710090 0.075163 0.240422
0 0.190796 0.714693 0.081842 0.210872
0 0.868861 0.690387 0.041984 0.206088