0 0.782689 0.572298 0.081709 0.131287
0 0.646698 0.525898 0.037506 0.095134
0 0.604961 0.549292 0.031765 0.041522
0 0.590004 0.507717 0.021185 0.044916
0 0.697395 0.542480 0.027659 0.072183
0 0.925486 0.525447 0.042919 0.119873
0 0.321061 0.537470 0.048266 0.057637
0 0.858786 0.525981 0.035202 0.117435
0 0.464441 0.535766 0.044607 0.050988
0 0.018546 0.576873 0.036871 0.120730
0 0.377986 0.524282 0.026487 0.077144
0 0.256145 0.527299 0.032875 0.084024
0 0.137454 0.523732 0.038143 0.081093
0 0.192437 0.522319 0.021490 0.061535
0 0.282197 0.521872 0.031080 0.097832
0 0.397618 0.518075 0.032820 0.090039
0 0.109205 0.528000 0.026227 0.071629
0 0.423300 0.508062 0.022652 0.052540
0 0.057992 0.561783 0.041393 0.075868
0 0.343462 0.509556 0.019638 0.056107
0 0.216618 0.521576 0.020979 0.059726
0 0.836985 0.523983 0.027430 0.112235