0 0.505148 0.738070 0.181249 0.131093
0 0.079992 0.722792 0.084833 0.162240
0 0.339009 0.726133 0.092609 0.156923
0 0.700991 0.736038 0.074930 0.136553
0 0.939096 0.713283 0.095867 0.182256
0 0.821669 0.725549 0.143642 0.156035
0 0.172074 0.704618 0.043574 0.168952
0 0.012957 0.693339 0.025723 0.161530
0 0.259180 0.750412 0.122500 0.106575
0 0.211292 0.693875 0.047723 0.173686
0 0.619692 0.736611 0.078584 0.135873
0 0.973055 0.696736 0.050766 0.211369
0 0.284028 0.671004 0.062457 0.081165
0 0.379613 0.737607 0.044246 0.129567