0 0.949737 0.564322 0.097402 0.290681
0 0.751821 0.540178 0.165653 0.268500
0 0.179315 0.557445 0.157226 0.371956
0 0.451713 0.514746 0.118369 0.220414
0 0.373503 0.502495 0.120590 0.218253
0 0.630807 0.523047 0.093064 0.259455
0 0.066700 0.488393 0.092931 0.153512
0 0.267635 0.495807 0.075593 0.182560
0 0.317853 0.492877 0.110691 0.206909
0 0.672034 0.389789 0.055650 0.109593
0 0.689809 0.457054 0.059857 0.115651
0 0.537113 0.512784 0.137121 0.243661
0 0.845419 0.489883 0.068189 0.161677
0 0.392380 0.390686 0.051465 0.080642