0 0.544037 0.698738 0.058722 0.156024
0 0.093338 0.710778 0.078977 0.176009
0 0.597825 0.694062 0.056102 0.186036
0 0.779136 0.632075 0.041006 0.089181
0 0.233712 0.694162 0.054682 0.174603
0 0.315199 0.653753 0.044312 0.113893
0 0.858827 0.613881 0.023695 0.046940
0 0.398266 0.626838 0.025722 0.053631
0 0.271206 0.681477 0.048319 0.151926
0 0.908341 0.618646 0.023172 0.055748
0 0.500878 0.657079 0.031542 0.112772
0 0.816004 0.615564 0.015994 0.043319
0 0.636610 0.623087 0.020471 0.058235
0 0.436463 0.624390 0.017732 0.050457
0 0.532821 0.658086 0.036740 0.133255
0 0.207065 0.625507 0.020006 0.046919