0 0.426973 0.672790 0.145353 0.244154
0 0.702219 0.614312 0.128752 0.245806
0 0.838526 0.713866 0.241188 0.199084
0 0.229355 0.653215 0.085640 0.225687
0 0.139161 0.605356 0.077228 0.149510
0 0.848631 0.559100 0.073286 0.122102
0 0.475919 0.647318 0.064511 0.169342
0 0.496422 0.554475 0.031688 0.114269
0 0.625711 0.562207 0.049782 0.118849
0 0.552414 0.583985 0.067764 0.137325
0 0.950403 0.568315 0.056398 0.153942
0 0.020626 0.590786 0.041072 0.107253
0 0.974920 0.604426 0.047034 0.203128
0 0.036226 0.572919 0.034965 0.104879
0 0.797705 0.568816 0.048176 0.149474
0 0.674377 0.551045 0.035453 0.099851
0 0.762418 0.561407 0.053314 0.152471
0 0.300964 0.584491 0.033111 0.090597
0 0.577419 0.555204 0.029507 0.104917
0 0.431428 0.549283 0.039977 0.082688
0 0.463839 0.539997 0.027931 0.067131
0 0.091732 0.596227 0.050385 0.083784