0 0.873749 0.644160 0.046595 0.109290
0 0.509292 0.829428 0.133756 0.090134
0 0.937247 0.639389 0.042655 0.122207
0 0.981883 0.647366 0.033108 0.159615
0 0.725380 0.751114 0.320869 0.238663
0 0.537155 0.636114 0.042657 0.115663
0 0.078094 0.681764 0.072735 0.187569
0 0.040579 0.668645 0.046130 0.159788
0 0.264103 0.637929 0.046290 0.127249
0 0.031004 0.706711 0.061724 0.237121
0 0.153801 0.637428 0.054679 0.111428
0 0.829275 0.645173 0.040324 0.109241
0 0.907343 0.621791 0.024636 0.067427
0 0.222329 0.639264 0.038262 0.119097
0 0.461608 0.634858 0.023842 0.067194
0 0.325719 0.637865 0.035366 0.123380
0 0.441325 0.624184 0.030077 0.086877