0 0.467445 0.639871 0.138715 0.374178
0 0.290742 0.633115 0.140575 0.353449
0 0.170606 0.602741 0.127577 0.364298
0 0.622852 0.593116 0.097427 0.315080
0 0.735013 0.569558 0.091307 0.276387
0 0.052693 0.568839 0.064795 0.241353
0 0.785508 0.565764 0.072882 0.239032
0 0.537658 0.592793 0.072153 0.319141
0 0.872788 0.553055 0.061249 0.216523
0 0.416068 0.552628 0.051353 0.202206
0 0.968538 0.561690 0.059798 0.208117
0 0.122504 0.604440 0.083832 0.292265
0 0.836455 0.550516 0.047609 0.174951
0 0.223515 0.575737 0.056359 0.240336
0 0.945777 0.546149 0.054012 0.175914
0 0.983255 0.603883 0.030365 0.194629
0 0.669493 0.559124 0.058156 0.268361