0 0.900306 0.745044 0.075654 0.165050
0 0.108878 0.740572 0.070850 0.177206
0 0.036385 0.738553 0.069261 0.180955
0 0.269787 0.739548 0.053464 0.176630
0 0.596191 0.743719 0.049916 0.160421
0 0.487373 0.742021 0.045362 0.148574
0 0.712718 0.735871 0.056768 0.156319
0 0.341329 0.747305 0.050047 0.161188
0 0.671928 0.719071 0.037251 0.122439
0 0.426349 0.736867 0.044809 0.131179
0 0.777663 0.744800 0.049136 0.147686
0 0.546689 0.729605 0.050540 0.136464
0 0.944250 0.742554 0.045423 0.148924
0 0.316118 0.733752 0.040961 0.161754
0 0.854951 0.738256 0.046132 0.143037
0 0.011370 0.751922 0.022351 0.149087
0 0.984338 0.759007 0.028200 0.138085