0 0.666674 0.761385 0.033692 0.077886
0 0.457755 0.723422 0.023426 0.068908
0 0.741780 0.730260 0.026152 0.074961
0 0.835897 0.723191 0.028242 0.066059
0 0.983961 0.730857 0.028952 0.076779
0 0.578848 0.765912 0.025838 0.065521
0 0.470760 0.720128 0.016555 0.063791
0 0.571184 0.687279 0.013923 0.048210
0 0.712724 0.732340 0.024373 0.072297
0 0.081615 0.683571 0.012470 0.029468
0 0.730607 0.657840 0.015734 0.044705
0 0.262788 0.673104 0.018983 0.044402
0 0.800834 0.710231 0.020967 0.069689
0 0.398385 0.682244 0.017571 0.060496