0 0.067973 0.587966 0.135463 0.471513
0 0.838865 0.542889 0.176343 0.433066
0 0.617709 0.533710 0.219435 0.526352
0 0.706541 0.565760 0.112611 0.382365
0 0.952403 0.551757 0.091406 0.299402
0 0.425326 0.436836 0.166692 0.153399
0 0.176578 0.443293 0.082870 0.128532
0 0.247245 0.583485 0.148455 0.480979
0 0.506550 0.415768 0.059838 0.105300
0 0.342150 0.385339 0.050345 0.097251
0 0.248113 0.430134 0.139693 0.172759
0 0.922699 0.409582 0.048315 0.096051
0 0.429677 0.588127 0.168809 0.460833
0 0.306924 0.441713 0.048566 0.116937
0 0.985591 0.489023 0.025692 0.183350
0 0.906328 0.517369 0.071552 0.306449