0 0.851515 0.573443 0.191502 0.476089
0 0.117166 0.556611 0.220982 0.552076
0 0.413216 0.500592 0.122055 0.360318
0 0.287494 0.524664 0.129640 0.402250
0 0.751731 0.521396 0.088130 0.347782
0 0.983464 0.470296 0.029946 0.209100
0 0.676713 0.518985 0.083826 0.367766
0 0.593818 0.526937 0.161202 0.342740
0 0.369265 0.467504 0.072797 0.300634
0 0.025532 0.447843 0.050854 0.270379
0 0.515647 0.468996 0.109497 0.236674
0 0.496115 0.365735 0.065862 0.101553
0 0.794057 0.378609 0.059086 0.065151
0 0.071302 0.334686 0.047878 0.062088
0 0.158011 0.325378 0.034513 0.075949
0 0.556327 0.363079 0.050151 0.094578
0 0.209247 0.521241 0.088562 0.392290
0 0.647270 0.358042 0.043847 0.086850