0 0.440872 0.594219 0.136632 0.332075
0 0.083285 0.522253 0.096325 0.235077
0 0.263785 0.584790 0.124913 0.329266
0 0.949998 0.582382 0.096879 0.377386
0 0.801948 0.565338 0.084803 0.285132
0 0.747058 0.554966 0.091156 0.313453
0 0.514888 0.506258 0.050806 0.166115
0 0.870735 0.499282 0.048538 0.177770
0 0.139999 0.502887 0.052111 0.185615
0 0.020675 0.486230 0.039588 0.113555
0 0.686984 0.521375 0.058008 0.157644
0 0.934086 0.528235 0.059748 0.170959
0 0.642852 0.490720 0.044085 0.120111
0 0.910210 0.513965 0.038604 0.173691
0 0.552419 0.503849 0.036897 0.137002