0 0.070942 0.684342 0.141007 0.268059
0 0.718637 0.693277 0.138058 0.252390
0 0.287127 0.675229 0.139348 0.288343
0 0.878347 0.671001 0.081251 0.299274
0 0.404390 0.679310 0.126125 0.283710
0 0.941389 0.663588 0.067970 0.311226
0 0.134093 0.567649 0.077200 0.109502
0 0.018318 0.568481 0.036505 0.113378
0 0.964130 0.645195 0.068615 0.175026
0 0.183675 0.543791 0.041339 0.064460
0 0.838462 0.718725 0.053561 0.205789
0 0.402727 0.503639 0.035568 0.059757
0 0.038676 0.547856 0.032939 0.054057
0 0.309842 0.538720 0.041647 0.066529
0 0.836598 0.589796 0.044718 0.113935
0 0.615374 0.556198 0.035024 0.035404