0 0.802187 0.543352 0.323838 0.509650
0 0.666490 0.568007 0.143706 0.466891
0 0.534519 0.534682 0.131442 0.386771
0 0.235102 0.544641 0.121042 0.321471
0 0.381020 0.536856 0.123370 0.343216
0 0.086984 0.578330 0.152120 0.440746
0 0.749122 0.393771 0.088372 0.101922
0 0.302272 0.513448 0.071114 0.248325
0 0.454489 0.469904 0.039262 0.152705
0 0.965884 0.605073 0.065107 0.317846
0 0.942177 0.413389 0.112521 0.181209
0 0.019141 0.602797 0.037593 0.385103
0 0.941969 0.541361 0.112936 0.433730
0 0.162318 0.456706 0.042573 0.085927