0 0.177444 0.547767 0.124587 0.445551
0 0.486837 0.603904 0.249747 0.378087
0 0.924838 0.492518 0.117862 0.324366
0 0.716764 0.575347 0.161815 0.372499
0 0.325232 0.561094 0.136901 0.432277
0 0.614887 0.525266 0.114974 0.394509
0 0.025303 0.441945 0.050354 0.165592
0 0.842927 0.477019 0.068461 0.240835
0 0.978103 0.466559 0.040668 0.291822
0 0.320697 0.377075 0.149325 0.169131
0 0.748775 0.407615 0.102123 0.185418
0 0.445043 0.505241 0.162273 0.370599
0 0.564410 0.414556 0.063125 0.180715
0 0.460417 0.332686 0.090553 0.098283
0 0.236295 0.463149 0.059583 0.233868