0 0.616478 0.725261 0.088392 0.213705
0 0.701281 0.718648 0.065806 0.185007
0 0.381444 0.679999 0.047795 0.135390
0 0.542487 0.657974 0.034011 0.088585
0 0.487366 0.644756 0.022666 0.068493
0 0.885974 0.660285 0.026411 0.064289
0 0.435750 0.649096 0.020971 0.068766
0 0.845234 0.669719 0.024626 0.067671
0 0.787932 0.661889 0.022362 0.057553
0 0.460491 0.636012 0.027755 0.059928
0 0.415588 0.644951 0.026411 0.078378
0 0.512283 0.656044 0.019480 0.049434
0 0.825681 0.663905 0.023743 0.072716
0 0.861881 0.653670 0.021536 0.058099
0 0.765601 0.646567 0.024785 0.060381