0 0.214416 0.749049 0.063293 0.112113
0 0.164527 0.768524 0.041221 0.124001
0 0.562140 0.756468 0.042405 0.116417
0 0.081911 0.759738 0.064972 0.133792
0 0.929909 0.747820 0.034747 0.092987
0 0.035273 0.749060 0.032869 0.116145
0 0.736559 0.744765 0.026288 0.087273
0 0.357287 0.758423 0.039919 0.100514
0 0.335378 0.753749 0.027559 0.099812
0 0.067946 0.722367 0.028353 0.071433
0 0.429872 0.755203 0.041797 0.110369
0 0.770724 0.745931 0.027745 0.086584
0 0.411910 0.752690 0.036667 0.102185
0 0.451245 0.752837 0.021519 0.104866
0 0.530559 0.747721 0.028346 0.097253
0 0.754822 0.746414 0.022904 0.085662
0 0.824677 0.743579 0.021955 0.075454