0 0.528487 0.610011 0.082180 0.222800
0 0.237447 0.569085 0.061152 0.155359
0 0.301844 0.563274 0.049420 0.142248
0 0.620100 0.608267 0.065748 0.209304
0 0.353441 0.537515 0.034239 0.101976
0 0.389499 0.548331 0.043229 0.118958
0 0.037406 0.519321 0.032427 0.072491
0 0.925779 0.549261 0.038824 0.107664
0 0.557761 0.575601 0.044295 0.138107
0 0.807736 0.527181 0.021702 0.064016
0 0.878403 0.543366 0.027028 0.090118
0 0.006319 0.504607 0.012639 0.054562
0 0.061734 0.500312 0.014965 0.035476
0 0.853829 0.530732 0.026344 0.068426
0 0.082203 0.503073 0.014301 0.037368