0 0.319971 0.819013 0.018068 0.048096
0 0.711216 0.777630 0.014482 0.038593
0 0.729022 0.778311 0.013677 0.039436
0 0.394692 0.796110 0.019597 0.041088
0 0.459338 0.798384 0.016535 0.037743
0 0.443614 0.797018 0.015345 0.040278
0 0.133356 0.710378 0.011868 0.028557
0 0.869348 0.760743 0.015790 0.031099
0 0.035598 0.809843 0.017553 0.042546
0 0.062832 0.798895 0.019503 0.049436
0 0.304915 0.745680 0.012034 0.031884
0 0.594344 0.810331 0.013538 0.044205
0 0.053487 0.807266 0.017866 0.044386
0 0.287719 0.747072 0.012185 0.033713