0 0.223664 0.777333 0.208942 0.185062
0 0.773323 0.759823 0.114089 0.225883
0 0.362469 0.775475 0.154135 0.196386
0 0.042202 0.789334 0.083970 0.165019
0 0.077086 0.747207 0.083130 0.193951
0 0.524245 0.706599 0.064710 0.203013
0 0.881820 0.735545 0.062239 0.202453
0 0.605260 0.669897 0.051319 0.156117
0 0.714550 0.754172 0.074990 0.231085
0 0.983199 0.723899 0.030477 0.228501
0 0.470050 0.733347 0.059867 0.214650
0 0.945946 0.700771 0.061939 0.195405
0 0.638906 0.660765 0.040346 0.137862
0 0.019543 0.681582 0.038899 0.069571
0 0.828523 0.751461 0.073343 0.245497