0 0.875502 0.587417 0.056549 0.148506
0 0.780014 0.426364 0.036745 0.132676
0 0.227468 0.815362 0.071198 0.035533
0 0.151501 0.434628 0.040518 0.109914
0 0.595984 0.674597 0.047163 0.126609
0 0.376905 0.544011 0.055511 0.131514
0 0.837931 0.423042 0.039110 0.115670
0 0.539533 0.616430 0.049429 0.145800
0 0.738198 0.436959 0.040867 0.113789
0 0.422882 0.506769 0.054063 0.091096
0 0.223314 0.410944 0.042917 0.104807
0 0.305074 0.380408 0.044344 0.127044
0 0.880466 0.449054 0.035439 0.105969
0 0.402556 0.382640 0.034880 0.104633
0 0.626934 0.377051 0.045142 0.115451
0 0.435108 0.381316 0.034669 0.095868
0 0.797008 0.293714 0.029422 0.094319
0 0.671331 0.802822 0.088451 0.059727
0 0.720554 0.569642 0.061607 0.085472
0 0.515198 0.409594 0.033449 0.113977
0 0.178978 0.415206 0.033605 0.097147