0 0.690989 0.729765 0.053241 0.131765
0 0.441169 0.734063 0.064614 0.153784
0 0.485131 0.737906 0.052032 0.143143
0 0.773910 0.704554 0.028613 0.094913
0 0.934688 0.695004 0.020011 0.056164
0 0.447815 0.632391 0.030505 0.052059
0 0.977592 0.726039 0.041692 0.145363
0 0.094355 0.738072 0.016452 0.049166
0 0.156176 0.725218 0.020400 0.057670
0 0.732124 0.704469 0.036336 0.088986
0 0.009338 0.731749 0.018675 0.095499
0 0.471914 0.636142 0.026968 0.049255
0 0.129069 0.727073 0.022527 0.054263
0 0.991816 0.724118 0.013242 0.145564