0 0.385825 0.704039 0.128267 0.254643
0 0.794112 0.717052 0.088159 0.233722
0 0.621176 0.721310 0.171808 0.218992
0 0.544681 0.714890 0.080753 0.233984
0 0.233170 0.674308 0.059680 0.160349
0 0.318608 0.725741 0.071140 0.212290
0 0.755116 0.722601 0.112599 0.218155
0 0.444522 0.696618 0.047593 0.189564
0 0.907320 0.722886 0.050278 0.139781
0 0.091777 0.640173 0.035908 0.114251
0 0.155196 0.649275 0.044656 0.134120
0 0.196844 0.645477 0.041788 0.126413
0 0.568038 0.616632 0.037973 0.081364
0 0.019932 0.640563 0.037243 0.112650
0 0.930492 0.673464 0.046462 0.164654
0 0.288580 0.639526 0.032755 0.095535