0 0.300475 0.564191 0.185909 0.309646
0 0.142538 0.597872 0.209716 0.293551
0 0.780004 0.499364 0.128146 0.352744
0 0.907631 0.454339 0.145921 0.397323
0 0.080261 0.429737 0.102467 0.307644
0 0.579941 0.617999 0.175260 0.317363
0 0.528561 0.357855 0.099191 0.153206
0 0.675394 0.498019 0.094603 0.309696
0 0.847936 0.464787 0.104340 0.374321
0 0.290723 0.387146 0.084254 0.202047
0 0.213898 0.449858 0.094001 0.301617
0 0.445682 0.366421 0.077526 0.150613
0 0.599135 0.430367 0.121358 0.185378
0 0.142842 0.404480 0.105250 0.210382
0 0.357105 0.391863 0.087679 0.171248
0 0.639702 0.345225 0.048223 0.086110
0 0.399158 0.362556 0.065780 0.168985
0 0.761224 0.330307 0.061645 0.092213
0 0.264081 0.308999 0.043108 0.099649
0 0.643966 0.308912 0.086477 0.074055