0 0.249484 0.555507 0.233426 0.547156
0 0.672738 0.578072 0.161176 0.503371
0 0.391349 0.617377 0.149957 0.427995
0 0.802445 0.506804 0.104743 0.322776
0 0.129053 0.595409 0.106116 0.459583
0 0.763374 0.582332 0.064133 0.169547
0 0.519143 0.461417 0.074149 0.260660
0 0.876484 0.502304 0.064237 0.205040
0 0.081660 0.415833 0.049921 0.170360
0 0.027666 0.541255 0.054928 0.167223
0 0.044454 0.411181 0.034837 0.144217
0 0.355292 0.385350 0.088285 0.147679
0 0.294751 0.366808 0.038600 0.053301
0 0.012034 0.412370 0.024069 0.070094
0 0.967517 0.412337 0.041383 0.026442