0 0.511573 0.507108 0.088618 0.185554
0 0.306250 0.488287 0.044844 0.140011
0 0.354569 0.488340 0.052573 0.142702
0 0.431773 0.491681 0.054444 0.156330
0 0.904239 0.496234 0.033475 0.106582
0 0.820454 0.492116 0.042449 0.113726
0 0.693434 0.479051 0.034271 0.092601
0 0.744478 0.489173 0.035256 0.117538
0 0.785365 0.494883 0.040026 0.107592
0 0.073012 0.451559 0.026799 0.071119
0 0.596780 0.464474 0.032431 0.100030
0 0.018562 0.453417 0.019243 0.063158
0 0.035874 0.450753 0.024193 0.072981
0 0.110062 0.442986 0.015378 0.051759
0 0.633215 0.475954 0.038133 0.093948
0 0.859903 0.460309 0.022042 0.062984
0 0.130103 0.452966 0.026005 0.062204