0 0.588557 0.551848 0.182164 0.437757
0 0.040661 0.547209 0.080869 0.169111
0 0.119655 0.541197 0.058223 0.152251
0 0.788308 0.508925 0.064657 0.111637
0 0.339277 0.521567 0.066497 0.189504
0 0.447316 0.518908 0.031724 0.110870
0 0.274327 0.537298 0.061160 0.175047
0 0.909163 0.503725 0.093545 0.176968
0 0.475002 0.522978 0.049931 0.122577
0 0.860699 0.506590 0.060580 0.200293
0 0.743652 0.503816 0.036582 0.090295
0 0.642013 0.535469 0.072310 0.318147
0 0.235231 0.529171 0.019337 0.057654
0 0.211623 0.532114 0.019712 0.052488
0 0.803890 0.506743 0.033089 0.105846
0 0.512937 0.520447 0.035000 0.117188