0 0.018486 0.795458 0.036971 0.118329
0 0.057624 0.800415 0.037644 0.110464
0 0.159790 0.787168 0.049935 0.121066
0 0.838700 0.796066 0.048930 0.138920
0 0.763405 0.762418 0.028813 0.076455
0 0.457114 0.771281 0.025174 0.082067
0 0.324558 0.762742 0.027952 0.071186
0 0.968297 0.772730 0.031063 0.115199
0 0.688702 0.770211 0.025252 0.069926
0 0.731290 0.766238 0.028276 0.074070
0 0.423406 0.761573 0.023595 0.072986
0 0.708361 0.760277 0.022938 0.072044
0 0.405063 0.761887 0.019169 0.060126
0 0.619388 0.751290 0.015924 0.050041
0 0.582217 0.759027 0.024170 0.069388
0 0.668793 0.758782 0.021966 0.070727
0 0.785285 0.764394 0.024809 0.066426
0 0.361435 0.760650 0.022644 0.068415
0 0.382810 0.765885 0.022995 0.060884
0 0.634480 0.751580 0.016733 0.048649