0 0.528071 0.805233 0.058556 0.181869
0 0.482216 0.867775 0.068512 0.137055
0 0.672168 0.849446 0.062411 0.149338
0 0.566881 0.668527 0.059811 0.176890
0 0.457363 0.249102 0.047381 0.142514
0 0.269107 0.873836 0.086063 0.122272
0 0.570511 0.492855 0.059793 0.168021
0 0.508016 0.657835 0.058747 0.157030
0 0.360511 0.546005 0.052827 0.158949
0 0.384437 0.706686 0.057944 0.183370
0 0.350350 0.868838 0.059595 0.106326
0 0.434383 0.797740 0.071101 0.207349
0 0.243203 0.908524 0.064339 0.053008
0 0.753610 0.451443 0.046027 0.140274
0 0.437941 0.569157 0.047624 0.151069
0 0.221470 0.740971 0.060857 0.171714
0 0.755133 0.753173 0.062231 0.250750
0 0.639432 0.635337 0.056863 0.153325
0 0.477805 0.126493 0.039333 0.125836
0 0.729617 0.210711 0.041589 0.140239
0 0.315800 0.552707 0.049874 0.150624