0 0.254436 0.634393 0.041304 0.109139
0 0.613472 0.709396 0.053417 0.124667
0 0.456611 0.637875 0.036026 0.102325
0 0.703885 0.701051 0.068566 0.187217
0 0.519547 0.634112 0.033941 0.104511
0 0.014497 0.642610 0.028900 0.108397
0 0.942296 0.676012 0.060684 0.172003
0 0.655354 0.704261 0.048550 0.129392
0 0.096156 0.674730 0.055283 0.195304
0 0.148454 0.639418 0.040398 0.108800
0 0.069931 0.642933 0.035821 0.125068
0 0.577352 0.638119 0.027911 0.093881
0 0.786329 0.583401 0.022736 0.022052
0 0.971466 0.638734 0.032671 0.107159
0 0.918181 0.601936 0.030353 0.058274
0 0.883576 0.587095 0.030530 0.030098
0 0.916436 0.625584 0.031835 0.107906