0 0.693201 0.592241 0.234575 0.552611
0 0.922806 0.611251 0.151262 0.512683
0 0.923028 0.515094 0.147594 0.251817
0 0.442588 0.472783 0.187906 0.240528
0 0.837994 0.622309 0.125519 0.462765
0 0.408147 0.445938 0.086464 0.124881
0 0.473417 0.644434 0.316852 0.449004
0 0.041000 0.539166 0.072121 0.235038
0 0.214990 0.565350 0.115568 0.305061
0 0.085514 0.527402 0.056988 0.219748
0 0.318594 0.543512 0.138573 0.327455
0 0.784200 0.475138 0.035319 0.048471
0 0.748871 0.455485 0.031445 0.043552
0 0.009599 0.555487 0.018810 0.208658
0 0.254857 0.588220 0.071292 0.320443