0 0.110875 0.658673 0.055850 0.151759
0 0.896388 0.630463 0.042865 0.113451
0 0.860476 0.626850 0.033249 0.090478
0 0.308973 0.650619 0.054622 0.137298
0 0.929009 0.633510 0.034702 0.103096
0 0.394426 0.642421 0.049994 0.132560
0 0.708444 0.628210 0.029815 0.078820
0 0.739876 0.618930 0.033934 0.082237
0 0.460716 0.627259 0.030908 0.091931
0 0.236679 0.642835 0.055865 0.142570
0 0.338718 0.649884 0.032452 0.137910
0 0.190557 0.634763 0.036002 0.114674
0 0.507009 0.622213 0.020219 0.069354
0 0.483400 0.627375 0.023787 0.084155
0 0.423025 0.619414 0.023728 0.078973
0 0.160044 0.642424 0.037003 0.104339
0 0.526518 0.628177 0.025540 0.079967