0 0.883648 0.581031 0.163902 0.478047
0 0.738972 0.559035 0.156268 0.376315
0 0.119777 0.623067 0.097373 0.324902
0 0.401740 0.579171 0.107347 0.370555
0 0.197833 0.568424 0.105003 0.292718
0 0.596529 0.568794 0.101062 0.351425
0 0.031978 0.557250 0.055152 0.179426
0 0.492878 0.562961 0.110720 0.333464
0 0.959084 0.540858 0.074489 0.247731
0 0.264323 0.548028 0.079276 0.261332
0 0.072632 0.545758 0.058926 0.200759
0 0.823934 0.540925 0.087827 0.317895
0 0.313176 0.579496 0.058295 0.196803
0 0.635529 0.545436 0.039713 0.239446