0 0.043990 0.649813 0.061480 0.154714
0 0.297365 0.652043 0.065837 0.176039
0 0.869882 0.605940 0.062918 0.169493
0 0.103188 0.640773 0.055262 0.146859
0 0.530909 0.651802 0.071373 0.192095
0 0.391802 0.649301 0.068083 0.209415
0 0.348068 0.649725 0.046346 0.170363
0 0.685771 0.592832 0.043625 0.118951
0 0.631416 0.584525 0.037243 0.099916
0 0.770257 0.581386 0.025863 0.083331
0 0.833905 0.577075 0.027628 0.087521
0 0.148049 0.597766 0.025963 0.064915
0 0.748684 0.578870 0.027841 0.082558
0 0.711538 0.589952 0.026705 0.092251
0 0.435072 0.595279 0.033285 0.080943
0 0.787947 0.566892 0.018350 0.060428
0 0.573995 0.585270 0.028726 0.079038