0 0.065331 0.642489 0.130294 0.374603
0 0.170738 0.658546 0.123591 0.345548
0 0.438477 0.611332 0.080876 0.273394
0 0.679205 0.527264 0.055042 0.181820
0 0.739164 0.555437 0.062629 0.148707
0 0.530041 0.579577 0.123731 0.272467
0 0.577570 0.558799 0.059598 0.236847
0 0.639788 0.536897 0.060032 0.191047
0 0.787337 0.463163 0.050988 0.124160
0 0.095493 0.520083 0.073331 0.096717
0 0.312995 0.571369 0.068132 0.237152
0 0.267512 0.667176 0.131171 0.325966
0 0.359529 0.546811 0.057111 0.201769
0 0.264151 0.487141 0.048489 0.068505
0 0.744977 0.450786 0.040216 0.072327
0 0.539359 0.503126 0.044641 0.158449
0 0.781089 0.528353 0.040585 0.080126
0 0.213750 0.487737 0.058879 0.077919
0 0.286442 0.603673 0.105135 0.186071