0 0.682250 0.536490 0.040758 0.113391
0 0.612849 0.525900 0.032465 0.114827
0 0.192736 0.627197 0.095357 0.299350
0 0.579726 0.527305 0.036943 0.110973
0 0.303451 0.530844 0.044979 0.117289
0 0.082261 0.542535 0.035587 0.104033
0 0.021156 0.612406 0.041850 0.327803
0 0.446681 0.519740 0.034470 0.103912
0 0.378864 0.522169 0.035142 0.096546
0 0.109511 0.536194 0.041909 0.109037
0 0.489428 0.536289 0.022507 0.071234
0 0.250869 0.530706 0.040107 0.116347
0 0.508713 0.511089 0.022123 0.075432
0 0.545954 0.518080 0.023569 0.062516