0 0.209643 0.713025 0.256160 0.239478
0 0.602043 0.635537 0.105832 0.197463
0 0.743143 0.719958 0.140521 0.224973
0 0.960988 0.709377 0.074898 0.233590
0 0.505135 0.690624 0.051713 0.122001
0 0.562266 0.685000 0.064271 0.126621
0 0.625095 0.773384 0.088753 0.117525
0 0.345851 0.712071 0.066838 0.136799
0 0.103977 0.711468 0.068770 0.105323
0 0.444071 0.673452 0.070464 0.093056
0 0.033962 0.705099 0.067637 0.133537
0 0.078333 0.696563 0.048121 0.117608
0 0.389828 0.710016 0.044952 0.118074
0 0.478648 0.786344 0.103994 0.092768
0 0.429728 0.727311 0.049839 0.088978
0 0.673196 0.681926 0.045450 0.123691