0 0.904786 0.532322 0.187304 0.489501
0 0.574418 0.537412 0.214573 0.481679
0 0.376829 0.529771 0.139883 0.495846
0 0.236628 0.518566 0.262859 0.521226
0 0.818571 0.481893 0.105715 0.285131
0 0.703841 0.483159 0.115945 0.311262
0 0.086493 0.465827 0.080133 0.263535
0 0.504440 0.508524 0.107062 0.376662
0 0.029303 0.456116 0.058082 0.256085
0 0.761418 0.432564 0.063959 0.177950
0 0.452989 0.431768 0.092455 0.286982
0 0.102985 0.516742 0.090962 0.394130
0 0.634195 0.455867 0.061311 0.230611
0 0.728940 0.357280 0.031996 0.045422