0 0.615926 0.640839 0.111193 0.194565
0 0.427953 0.638332 0.120125 0.191050
0 0.061821 0.635828 0.102054 0.189584
0 0.283224 0.637213 0.103132 0.186188
0 0.694723 0.628612 0.076272 0.195162
0 0.139847 0.647684 0.055038 0.205100
0 0.754502 0.636245 0.053420 0.169203
0 0.204244 0.642329 0.063669 0.190432
0 0.931497 0.635946 0.082314 0.222203
0 0.981170 0.655212 0.034536 0.126981
0 0.821887 0.595704 0.046413 0.163810
0 0.875880 0.648740 0.059902 0.203903
0 0.014828 0.644477 0.029655 0.136362
0 0.452775 0.578097 0.056353 0.136146