0 0.780968 0.553761 0.028654 0.034880
0 0.096682 0.611782 0.065819 0.084607
0 0.579527 0.563621 0.024816 0.060036
0 0.452340 0.583953 0.035361 0.053453
0 0.752398 0.554827 0.025596 0.038817
0 0.200536 0.606630 0.044583 0.066015
0 0.557312 0.569686 0.032440 0.060406
0 0.675801 0.566881 0.025463 0.033759
0 0.015318 0.630040 0.030520 0.065238
0 0.486504 0.584212 0.038154 0.043627
0 0.814162 0.556171 0.026081 0.029418
0 0.647716 0.561811 0.029137 0.048317
0 0.348175 0.600177 0.043108 0.075710
0 0.724266 0.560090 0.022440 0.041203
0 0.528887 0.568615 0.028692 0.060182
0 0.619851 0.567264 0.031317 0.045322
0 0.144039 0.607463 0.038800 0.077854
0 0.170511 0.605472 0.029265 0.075782
0 0.508666 0.574669 0.033615 0.051498
0 0.415867 0.584786 0.030800 0.058130