0 0.328661 0.564525 0.065644 0.169194
0 0.764269 0.539125 0.052455 0.127377
0 0.673186 0.548753 0.042674 0.140657
0 0.233205 0.545967 0.054833 0.149851
0 0.502151 0.557612 0.051862 0.152469
0 0.392786 0.540479 0.047581 0.121129
0 0.705821 0.527416 0.039217 0.092202
0 0.644534 0.530337 0.037348 0.109734
0 0.527922 0.537414 0.029796 0.113474
0 0.195737 0.538172 0.043570 0.134450
0 0.433345 0.528606 0.035102 0.094163
0 0.036866 0.510204 0.040022 0.077196
0 0.795294 0.524913 0.026720 0.084009
0 0.615710 0.526010 0.031364 0.085526
0 0.086878 0.515442 0.028450 0.078002
0 0.178155 0.533893 0.027748 0.121952
0 0.120520 0.515622 0.023014 0.076430