0 0.230892 0.631083 0.175721 0.502470
0 0.442750 0.634103 0.156859 0.468268
0 0.561268 0.583207 0.098089 0.348299
0 0.830904 0.531733 0.076143 0.193490
0 0.127507 0.497988 0.054840 0.107518
0 0.313867 0.480964 0.041935 0.103472
0 0.729253 0.496694 0.046898 0.123835
0 0.913897 0.520959 0.080755 0.209898
0 0.056153 0.468566 0.025796 0.068580
0 0.621866 0.501637 0.036737 0.116049
0 0.686755 0.499047 0.040336 0.120906
0 0.780613 0.495853 0.049461 0.107687
0 0.760034 0.483401 0.019105 0.061635
0 0.667142 0.496928 0.024618 0.115930