0 0.211052 0.679749 0.062909 0.172080
0 0.094307 0.746040 0.102731 0.243843
0 0.573985 0.817837 0.111936 0.230553
0 0.858482 0.705589 0.097371 0.249286
0 0.432538 0.802199 0.124218 0.259874
0 0.765620 0.665116 0.051146 0.171668
0 0.272616 0.691781 0.056207 0.144051
0 0.465911 0.603381 0.046281 0.049800
0 0.162721 0.632802 0.017109 0.048766
0 0.348436 0.777180 0.059845 0.219324
0 0.669585 0.712313 0.065500 0.242824
0 0.940677 0.689350 0.053362 0.207346
0 0.726616 0.644384 0.032096 0.108841
0 0.124290 0.623200 0.022653 0.069281
0 0.710431 0.677677 0.073656 0.186556