0 0.257928 0.697601 0.033242 0.095951
0 0.256807 0.603643 0.034583 0.089538
0 0.032141 0.733829 0.064057 0.092186
0 0.742585 0.350029 0.020659 0.037130
0 0.307197 0.557749 0.035091 0.076672
0 0.109198 0.684096 0.044572 0.105698
0 0.455933 0.505041 0.016299 0.048320
0 0.293213 0.742364 0.037908 0.074432
0 0.082917 0.692835 0.040514 0.109683
0 0.569094 0.455276 0.015440 0.044770
0 0.356983 0.542294 0.028703 0.073787
0 0.814618 0.719252 0.048181 0.114953
0 0.685357 0.343078 0.024748 0.029682
0 0.583793 0.458300 0.014717 0.038263