0 0.673624 0.603950 0.209772 0.327473
0 0.170292 0.570915 0.131625 0.427610
0 0.074078 0.588634 0.137760 0.343858
0 0.074350 0.394515 0.067190 0.088323
0 0.898834 0.407911 0.041902 0.117484
0 0.374129 0.513801 0.092078 0.267371
0 0.310088 0.504580 0.055998 0.243174
0 0.454616 0.494126 0.065545 0.274265
0 0.037344 0.732234 0.074443 0.143836
0 0.775666 0.491634 0.051327 0.269179
0 0.979937 0.395448 0.037000 0.110918
0 0.949031 0.396335 0.036175 0.107989
0 0.566214 0.417771 0.042341 0.112853
0 0.606431 0.410968 0.043426 0.095660
0 0.346771 0.390756 0.051526 0.086318
0 0.730245 0.417964 0.088829 0.151020
0 0.839651 0.400494 0.028083 0.074804
0 0.048073 0.634822 0.096098 0.271088