0 0.505715 0.671287 0.086329 0.228821
0 0.578179 0.664638 0.068512 0.214641
0 0.681189 0.611395 0.045356 0.121403
0 0.633687 0.673732 0.064617 0.192916
0 0.722937 0.611998 0.045418 0.114680
0 0.402008 0.603578 0.038768 0.120021
0 0.745412 0.609080 0.027524 0.106588
0 0.241921 0.599898 0.021751 0.082148
0 0.259699 0.596154 0.025219 0.089150
0 0.217532 0.601740 0.031712 0.084429
0 0.314726 0.597628 0.022968 0.087514
0 0.283229 0.596443 0.028064 0.088856
0 0.339754 0.600533 0.025212 0.087930
0 0.445076 0.604392 0.028451 0.079322