0 0.547986 0.557551 0.105938 0.285616
0 0.379203 0.551194 0.092109 0.236773
0 0.281114 0.529039 0.054965 0.155762
0 0.444550 0.534382 0.048088 0.133421
0 0.062754 0.521461 0.030060 0.080859
0 0.206159 0.516498 0.031020 0.085894
0 0.028383 0.520119 0.022760 0.069865
0 0.647132 0.522043 0.019961 0.059691
0 0.094930 0.520353 0.030675 0.082718
0 0.153681 0.511718 0.024414 0.058328
0 0.005616 0.522482 0.011207 0.063257
0 0.693203 0.521826 0.023186 0.057578
0 0.607936 0.517601 0.025990 0.063560
0 0.676176 0.521189 0.020127 0.058459
0 0.987706 0.548326 0.021462 0.118042
0 0.727964 0.502289 0.019412 0.035296