0 0.295510 0.586060 0.132318 0.422728
0 0.445355 0.585001 0.154969 0.369263
0 0.639028 0.561010 0.096088 0.320701
0 0.160884 0.518459 0.058234 0.219035
0 0.543180 0.572892 0.096925 0.336027
0 0.029910 0.502958 0.057602 0.157426
0 0.727841 0.562567 0.077626 0.309521
0 0.848153 0.553521 0.091372 0.262274
0 0.783339 0.557928 0.071769 0.248240
0 0.884304 0.533775 0.071154 0.259700
0 0.219758 0.527663 0.053531 0.191790
0 0.930147 0.521886 0.055045 0.185233
0 0.974596 0.514930 0.047684 0.204132
0 0.066289 0.487939 0.027559 0.112110