0 0.080452 0.619107 0.160905 0.316779
0 0.351019 0.715193 0.171368 0.129809
0 0.554570 0.645449 0.135881 0.267719
0 0.783496 0.419988 0.127428 0.279253
0 0.064416 0.404341 0.128832 0.193769
0 0.445005 0.664137 0.128300 0.232043
0 0.793882 0.645370 0.111730 0.265667
0 0.152187 0.483248 0.094937 0.198507
0 0.290319 0.599256 0.112697 0.345517
0 0.899867 0.590150 0.104839 0.376733
0 0.419987 0.395976 0.151228 0.196694
0 0.198343 0.679671 0.129080 0.201203
0 0.600743 0.403182 0.123092 0.305153
0 0.823107 0.593040 0.094537 0.357644
0 0.669570 0.346108 0.111819 0.254308
0 0.532217 0.552172 0.133030 0.240245