0 0.100743 0.636128 0.056699 0.181439
0 0.070220 0.633263 0.047848 0.179782
0 0.278049 0.658366 0.106250 0.228650
0 0.226296 0.654462 0.065331 0.205140
0 0.809110 0.605874 0.045947 0.144462
0 0.514791 0.657364 0.058985 0.159978
0 0.574138 0.649398 0.059162 0.174613
0 0.759315 0.594229 0.038025 0.147052
0 0.730763 0.596228 0.034244 0.141314
0 0.455031 0.605751 0.048126 0.144339
0 0.629464 0.649770 0.043773 0.111191
0 0.697548 0.583666 0.033334 0.118628
0 0.837655 0.572309 0.026445 0.089515
0 0.496545 0.600370 0.044251 0.150788