0 0.087076 0.557611 0.111891 0.265097
0 0.730034 0.537762 0.099285 0.306029
0 0.923358 0.528689 0.100555 0.267808
0 0.495726 0.659365 0.153594 0.429510
0 0.358418 0.629771 0.146336 0.375825
0 0.801637 0.442498 0.065253 0.162911
0 0.678978 0.442060 0.049523 0.144334
0 0.124009 0.424201 0.042210 0.095461
0 0.246569 0.652216 0.125504 0.399545
0 0.841991 0.436132 0.039129 0.137019
0 0.552111 0.631839 0.074820 0.434224
0 0.214177 0.486870 0.077857 0.166092
0 0.551480 0.511014 0.068246 0.189838
0 0.423112 0.546615 0.094311 0.271744