0 0.576383 0.703080 0.028298 0.079907
0 0.764596 0.730120 0.035249 0.090900
0 0.039055 0.385578 0.022103 0.050328
0 0.530631 0.681804 0.028711 0.086120
0 0.271515 0.533878 0.023446 0.070176
0 0.738056 0.757800 0.033539 0.047725
0 0.198960 0.491303 0.017657 0.059166
0 0.469782 0.586768 0.026513 0.057048
0 0.524072 0.610410 0.023787 0.069185
0 0.553761 0.639802 0.023318 0.059244
0 0.266186 0.462629 0.013651 0.050868
0 0.161654 0.483188 0.021128 0.055078
0 0.553999 0.679106 0.023400 0.059147
0 0.194031 0.456230 0.018584 0.033590
0 0.283269 0.515924 0.015748 0.047601
0 0.354967 0.559169 0.033991 0.042895
0 0.180985 0.478196 0.018616 0.039750