0 0.062551 0.626288 0.120069 0.317392
0 0.233876 0.597762 0.112610 0.300353
0 0.945976 0.575341 0.104922 0.289942
0 0.653477 0.662989 0.111362 0.270333
0 0.433775 0.697893 0.107621 0.199741
0 0.290797 0.448569 0.094118 0.234395
0 0.785143 0.528850 0.085814 0.284004
0 0.585751 0.559017 0.104897 0.308537
0 0.727933 0.636602 0.075724 0.289465
0 0.023314 0.332613 0.046338 0.228325
0 0.885223 0.411512 0.068551 0.237092
0 0.971308 0.349767 0.054259 0.174164
0 0.182406 0.346659 0.091494 0.233708
0 0.369409 0.326068 0.065223 0.197131
0 0.142620 0.446001 0.070375 0.232983