0 0.152519 0.540662 0.123624 0.323319
0 0.600753 0.520422 0.114250 0.313666
0 0.272485 0.464891 0.057159 0.150377
0 0.081783 0.509855 0.069933 0.237674
0 0.374860 0.461090 0.061021 0.178608
0 0.329187 0.486540 0.040527 0.132110
0 0.439687 0.460681 0.063729 0.164182
0 0.016084 0.454868 0.031938 0.089759
0 0.680883 0.482709 0.042109 0.103542
0 0.543235 0.459419 0.042940 0.151878
0 0.732144 0.417520 0.029679 0.089357
0 0.702119 0.419302 0.027113 0.088622
0 0.755214 0.420179 0.024018 0.074365
0 0.831800 0.426505 0.029786 0.077309
0 0.310567 0.445258 0.028871 0.104103
0 0.480410 0.436351 0.030256 0.110996
0 0.779409 0.423878 0.023628 0.070062
0 0.965065 0.429763 0.030822 0.082344
0 0.860020 0.429729 0.021198 0.073018
0 0.798726 0.421491 0.019322 0.068283