0 0.783942 0.624742 0.085621 0.209187
0 0.658584 0.588280 0.080327 0.199424
0 0.273123 0.587227 0.054434 0.210929
0 0.730123 0.595894 0.074905 0.201940
0 0.061099 0.551385 0.041448 0.127195
0 0.187534 0.568409 0.060604 0.147765
0 0.322912 0.592537 0.059191 0.171977
0 0.578009 0.616340 0.076487 0.228440
0 0.421402 0.590972 0.063530 0.199761
0 0.516203 0.592858 0.061695 0.192608
0 0.091978 0.534879 0.037330 0.089558
0 0.614486 0.579298 0.049092 0.171457
0 0.962034 0.536681 0.042771 0.061292
0 0.680396 0.550100 0.034774 0.121514