0 0.129477 0.604123 0.112837 0.322830
0 0.489526 0.533014 0.079322 0.192759
0 0.289618 0.602608 0.107416 0.340512
0 0.391994 0.585912 0.101125 0.377565
0 0.554051 0.542333 0.058608 0.171709
0 0.625782 0.532464 0.061393 0.185566
0 0.039432 0.511193 0.037374 0.106126
0 0.826005 0.517119 0.041505 0.139479
0 0.201460 0.509164 0.033216 0.106525
0 0.733637 0.503414 0.040168 0.110717
0 0.951017 0.499013 0.032490 0.116150
0 0.986269 0.501792 0.024337 0.111557
0 0.768588 0.510269 0.034489 0.109227
0 0.532031 0.468187 0.023779 0.052164
0 0.902754 0.503261 0.032781 0.101163
0 0.239094 0.519206 0.033624 0.139569
0 0.881073 0.522529 0.050845 0.109079
0 0.594720 0.513067 0.026456 0.131212