0 0.074716 0.585205 0.126541 0.275256
0 0.871435 0.597240 0.115878 0.361678
0 0.554492 0.526344 0.050416 0.183283
0 0.331886 0.504090 0.038176 0.113312
0 0.775369 0.498916 0.035652 0.105362
0 0.643795 0.519983 0.087917 0.190660
0 0.370274 0.495112 0.050656 0.105881
0 0.691410 0.493315 0.038531 0.112512
0 0.737993 0.500540 0.039193 0.108521
0 0.409756 0.498269 0.042384 0.102927
0 0.178309 0.517581 0.051234 0.213476
0 0.016115 0.500132 0.031797 0.111091
0 0.217564 0.494012 0.053217 0.127547
0 0.481094 0.484552 0.028932 0.088068
0 0.800234 0.547453 0.065334 0.220766
0 0.458405 0.481997 0.023933 0.075560
0 0.270424 0.482292 0.021569 0.068273
0 0.963356 0.504233 0.034517 0.075003
0 0.440854 0.475626 0.022870 0.062937