0 0.080328 0.678068 0.072677 0.260562
0 0.328871 0.663956 0.065541 0.196777
0 0.149961 0.668370 0.051794 0.174666
0 0.715102 0.641706 0.051227 0.126941
0 0.398780 0.656558 0.042043 0.143227
0 0.679126 0.649835 0.036865 0.139767
0 0.628324 0.644589 0.028742 0.125674
0 0.594170 0.644496 0.040666 0.123200
0 0.508521 0.655484 0.052440 0.165563
0 0.222240 0.670512 0.045023 0.174823
0 0.008166 0.677200 0.016104 0.164420
0 0.470802 0.658735 0.037005 0.152477
0 0.432353 0.652710 0.041837 0.135871
0 0.277436 0.662433 0.039844 0.167537
0 0.366734 0.649972 0.039324 0.152795
0 0.650881 0.644188 0.035921 0.137096