0 0.228253 0.753419 0.139644 0.156304
0 0.578373 0.759893 0.107530 0.146632
0 0.030133 0.753632 0.059794 0.152906
0 0.305815 0.767634 0.089265 0.128305
0 0.161395 0.357466 0.079394 0.181757
0 0.218877 0.408099 0.063671 0.081449
0 0.919516 0.625966 0.090767 0.145149
0 0.087065 0.653981 0.094606 0.130882
0 0.390409 0.777156 0.110100 0.110192
0 0.075736 0.753736 0.069642 0.156633
0 0.601879 0.519820 0.064822 0.161333
0 0.788121 0.581006 0.079385 0.072043
0 0.327539 0.443165 0.041580 0.112728
0 0.424607 0.764194 0.128548 0.134347