0 0.223078 0.779108 0.050233 0.158479
0 0.172310 0.783966 0.055512 0.149887
0 0.740185 0.802910 0.081816 0.144011
0 0.791568 0.787817 0.077869 0.172681
0 0.064037 0.743745 0.046063 0.103737
0 0.454331 0.746321 0.036101 0.105996
0 0.571754 0.753322 0.038437 0.099063
0 0.868930 0.740497 0.033296 0.087127
0 0.280558 0.717153 0.023626 0.063529
0 0.979282 0.718644 0.021538 0.060070
0 0.645138 0.721692 0.029135 0.060269
0 0.115942 0.704970 0.019721 0.055458
0 0.341820 0.718575 0.019778 0.063291
0 0.822479 0.721007 0.022696 0.061664
0 0.008198 0.718184 0.016357 0.070948