0 0.625173 0.520142 0.208858 0.564539
0 0.424299 0.545228 0.187739 0.571566
0 0.759005 0.377011 0.100768 0.241539
0 0.893007 0.431004 0.132988 0.406846
0 0.302935 0.375478 0.059680 0.148158
0 0.112295 0.407089 0.071528 0.224681
0 0.171426 0.388387 0.063196 0.148069
0 0.224878 0.370679 0.061960 0.170884
0 0.711924 0.330837 0.045731 0.162531
0 0.034569 0.455268 0.068860 0.175009
0 0.782847 0.370016 0.054383 0.226066
0 0.081886 0.399644 0.042795 0.174066
0 0.354113 0.351991 0.030675 0.084219
0 0.386736 0.326991 0.029405 0.068930
0 0.846173 0.322723 0.060438 0.107772
0 0.022773 0.371088 0.045486 0.100023
0 0.027208 0.405362 0.054345 0.171072