0 0.155673 0.871383 0.035607 0.105524
0 0.103987 0.773778 0.028553 0.078188
0 0.579232 0.794862 0.029282 0.074133
0 0.708788 0.788597 0.026153 0.078285
0 0.195779 0.778259 0.026423 0.074737
0 0.873685 0.800410 0.030396 0.081129
0 0.303874 0.826690 0.032958 0.082174
0 0.609126 0.794354 0.022215 0.079105
0 0.746048 0.748637 0.029955 0.058192
0 0.301433 0.762258 0.028752 0.060747
0 0.700952 0.737733 0.029462 0.054578
0 0.866600 0.732360 0.021885 0.056912
0 0.322600 0.751455 0.021210 0.063087
0 0.230364 0.762811 0.024923 0.067365
0 0.620949 0.755186 0.035202 0.063953
0 0.280324 0.736784 0.020287 0.059367