0 0.843454 0.600201 0.149827 0.257545
0 0.275468 0.635048 0.094475 0.279095
0 0.163032 0.634046 0.128240 0.266332
0 0.022811 0.646517 0.045256 0.220932
0 0.484664 0.572264 0.069279 0.223129
0 0.936761 0.483722 0.061827 0.179529
0 0.559161 0.577963 0.066431 0.240680
0 0.603359 0.548111 0.065373 0.216249
0 0.413320 0.506809 0.059823 0.160256
0 0.763283 0.455149 0.048914 0.134193
0 0.366654 0.498275 0.045819 0.165368
0 0.951782 0.579056 0.093310 0.430174
0 0.088882 0.654510 0.078073 0.208656
0 0.019851 0.509620 0.039691 0.129857
0 0.121047 0.517796 0.062183 0.153508
0 0.205658 0.512856 0.069906 0.170807
0 0.695854 0.482162 0.043037 0.133762