0 0.290677 0.674443 0.113956 0.294166
0 0.126318 0.665728 0.078696 0.235392
0 0.522540 0.652981 0.074945 0.189911
0 0.766848 0.647250 0.066407 0.158632
0 0.438125 0.629762 0.052989 0.137001
0 0.042604 0.542421 0.038005 0.117334
0 0.641881 0.633443 0.057516 0.138934
0 0.391364 0.629190 0.043327 0.116203
0 0.229867 0.643115 0.047537 0.166334
0 0.830986 0.630174 0.032694 0.083569
0 0.477708 0.626038 0.035192 0.112047
0 0.172410 0.604108 0.038963 0.122221
0 0.098828 0.540190 0.045039 0.117775
0 0.263372 0.546461 0.023144 0.064737