0 0.023624 0.710853 0.046948 0.138232
0 0.638149 0.407017 0.070618 0.184959
0 0.615156 0.698488 0.057329 0.166950
0 0.812229 0.328900 0.064872 0.209173
0 0.750278 0.371806 0.065851 0.222376
0 0.481681 0.427291 0.067811 0.176774
0 0.981466 0.704020 0.033942 0.153800
0 0.068144 0.697585 0.033430 0.118819
0 0.122004 0.685105 0.047445 0.090373
0 0.680157 0.737331 0.053669 0.089174
0 0.122490 0.736485 0.054998 0.089973
0 0.424163 0.723482 0.084304 0.092426
0 0.861876 0.678096 0.034112 0.098327
0 0.869099 0.746288 0.038215 0.067738
0 0.825864 0.733876 0.049225 0.085384