0 0.330852 0.514612 0.053155 0.169170
0 0.169717 0.514077 0.042819 0.157973
0 0.880354 0.490819 0.047236 0.132796
0 0.223885 0.517653 0.086372 0.179687
0 0.299834 0.540537 0.045092 0.126865
0 0.568603 0.487313 0.028881 0.079016
0 0.844312 0.489444 0.031805 0.094916
0 0.543057 0.488491 0.030681 0.084567
0 0.479551 0.475254 0.029202 0.069585
0 0.614534 0.475528 0.017653 0.046769
0 0.588415 0.472671 0.017168 0.052444
0 0.455434 0.469151 0.012825 0.039493
0 0.391050 0.460931 0.018882 0.032886
0 0.767126 0.459359 0.018315 0.044750
0 0.499106 0.474678 0.016172 0.061392