0 0.209300 0.650530 0.074280 0.191128
0 0.911812 0.628741 0.054138 0.152071
0 0.402369 0.652245 0.061323 0.172306
0 0.269688 0.641387 0.076055 0.206420
0 0.626286 0.640961 0.054267 0.169291
0 0.739842 0.624727 0.045926 0.112802
0 0.800735 0.619241 0.056532 0.103997
0 0.689375 0.624436 0.039144 0.123778
0 0.846418 0.618182 0.039185 0.105500
0 0.483102 0.615768 0.032884 0.090106
0 0.047291 0.642533 0.057185 0.162337
0 0.358568 0.646404 0.043665 0.144119
0 0.446380 0.604326 0.026974 0.075079
0 0.018713 0.639239 0.037426 0.156028
0 0.336547 0.619145 0.037007 0.118949
0 0.660608 0.612220 0.026774 0.078682
0 0.316694 0.618890 0.023443 0.096200