0 0.876064 0.727478 0.070824 0.107226
0 0.053417 0.611126 0.039719 0.098404
0 0.090309 0.671663 0.054887 0.140859
0 0.716316 0.724138 0.057162 0.111406
0 0.785121 0.721266 0.065034 0.118860
0 0.984332 0.691198 0.028210 0.106918
0 0.873051 0.659627 0.063816 0.080972
0 0.947982 0.662635 0.044733 0.119234
0 0.615793 0.706941 0.055022 0.148946
0 0.667288 0.627634 0.039638 0.099507
0 0.050983 0.733006 0.100366 0.094333
0 0.261547 0.720038 0.055665 0.123865
0 0.835183 0.679882 0.041183 0.132495
0 0.757191 0.620697 0.037936 0.104523
0 0.308414 0.649953 0.038221 0.092584
0 0.440666 0.727012 0.053698 0.106906