0 0.210952 0.592669 0.103403 0.296834
0 0.715941 0.567928 0.056292 0.171334
0 0.952107 0.585864 0.067596 0.161533
0 0.012463 0.605627 0.024658 0.226406
0 0.067619 0.535662 0.040437 0.122248
0 0.407183 0.501314 0.018561 0.053934
0 0.117406 0.547751 0.045071 0.137768
0 0.372601 0.511220 0.022772 0.063257
0 0.556970 0.506174 0.018096 0.045897
0 0.577333 0.504273 0.016043 0.045263
0 0.687689 0.555039 0.040466 0.142382
0 0.624090 0.516839 0.016396 0.054111
0 0.984330 0.574084 0.028216 0.096756
0 0.338871 0.511063 0.022156 0.065654
0 0.442400 0.506596 0.018704 0.059042