0 0.748278 0.605454 0.286996 0.341303
0 0.318932 0.617126 0.245684 0.321743
0 0.271076 0.409035 0.112020 0.228681
0 0.193929 0.363395 0.076123 0.216866
0 0.957410 0.463861 0.082054 0.163640
0 0.613281 0.511755 0.133089 0.196045
0 0.125654 0.453649 0.067324 0.217669
0 0.669934 0.541058 0.168416 0.226745
0 0.523883 0.429993 0.076011 0.130112
0 0.664190 0.395257 0.115128 0.104563
0 0.887985 0.412757 0.080422 0.122061
0 0.030977 0.541094 0.061721 0.163728
0 0.827523 0.343489 0.087841 0.158447
0 0.027060 0.724458 0.053686 0.108317
0 0.770788 0.437296 0.095969 0.125569