0 0.275443 0.595868 0.348729 0.460010
0 0.626573 0.523844 0.163860 0.420542
0 0.094912 0.597341 0.171503 0.457760
0 0.821544 0.489710 0.107475 0.317074
0 0.362004 0.498265 0.107943 0.274558
0 0.713216 0.468615 0.085233 0.280451
0 0.047141 0.472159 0.093750 0.319041
0 0.490650 0.490446 0.094962 0.276168
0 0.976759 0.535198 0.043357 0.259780
0 0.417480 0.493594 0.079475 0.264245
0 0.554356 0.481154 0.068734 0.287455
0 0.091214 0.342234 0.051090 0.061066
0 0.864451 0.493579 0.070955 0.254622
0 0.749067 0.445556 0.041760 0.190820