0 0.763159 0.735623 0.147865 0.340451
0 0.459072 0.706389 0.102518 0.254205
0 0.153242 0.703093 0.110042 0.210830
0 0.892788 0.739996 0.160251 0.373650
0 0.266386 0.647872 0.064425 0.153183
0 0.332029 0.657626 0.053126 0.172026
0 0.662089 0.696577 0.128514 0.356688
0 0.585193 0.638750 0.057409 0.146407
0 0.534580 0.619500 0.038961 0.093869
0 0.369370 0.645883 0.045695 0.140728
0 0.064393 0.626003 0.031612 0.110228
0 0.849021 0.699374 0.066487 0.269262
0 0.035978 0.632156 0.032341 0.120041
0 0.799107 0.637592 0.051427 0.175891
0 0.086109 0.606771 0.021722 0.083879