0 0.045524 0.574165 0.090565 0.408932
0 0.478766 0.574512 0.157071 0.412671
0 0.672536 0.584772 0.144042 0.382279
0 0.177335 0.624138 0.114084 0.307941
0 0.293690 0.573961 0.156936 0.413222
0 0.926871 0.575321 0.143134 0.407388
0 0.567829 0.567428 0.111514 0.417040
0 0.796787 0.582307 0.146390 0.388299
0 0.962961 0.642642 0.070953 0.269405
0 0.865718 0.572393 0.129724 0.403830
0 0.191748 0.472650 0.119095 0.165830
0 0.369410 0.577979 0.071726 0.368643
0 0.109233 0.442893 0.061162 0.159994
0 0.821800 0.409624 0.053428 0.106335