0 0.888012 0.578434 0.139404 0.354982
0 0.103050 0.558326 0.128978 0.303727
0 0.686223 0.533579 0.086424 0.268154
0 0.518841 0.540276 0.077876 0.222185
0 0.277586 0.512054 0.078960 0.224783
0 0.615260 0.546170 0.063645 0.236893
0 0.375451 0.520633 0.068780 0.192896
0 0.952824 0.513936 0.059555 0.224126
0 0.769149 0.486996 0.040453 0.118309
0 0.188670 0.510780 0.059639 0.188813
0 0.417874 0.493217 0.045391 0.138390
0 0.730361 0.482463 0.039847 0.126456
0 0.827548 0.485744 0.033270 0.095243
0 0.030527 0.505356 0.061053 0.189565