0 0.213566 0.500200 0.062714 0.167326
0 0.822505 0.522800 0.128405 0.307140
0 0.386018 0.527097 0.062793 0.266352
0 0.747184 0.506544 0.065469 0.161627
0 0.637416 0.491055 0.035993 0.095003
0 0.104012 0.479006 0.031340 0.094475
0 0.679828 0.489875 0.028347 0.097558
0 0.442606 0.491236 0.021631 0.065158
0 0.129903 0.488221 0.021766 0.071040
0 0.308678 0.488874 0.021328 0.064063
0 0.331225 0.488108 0.023761 0.065281
0 0.698253 0.495004 0.026818 0.078484
0 0.917261 0.485336 0.034973 0.104535
0 0.940014 0.491964 0.031317 0.118626
0 0.418322 0.482009 0.018811 0.073355
0 0.965091 0.494774 0.030918 0.127285
0 0.481355 0.489884 0.013451 0.039217
0 0.603407 0.488580 0.016757 0.040596