0 0.410309 0.546319 0.110570 0.367473
0 0.700904 0.557208 0.092179 0.316648
0 0.078804 0.519358 0.078922 0.239040
0 0.150139 0.540754 0.090158 0.283221
0 0.255347 0.528535 0.076019 0.242807
0 0.876225 0.551285 0.093901 0.316639
0 0.982385 0.497597 0.032105 0.152571
0 0.609442 0.549985 0.079093 0.288765
0 0.317896 0.554600 0.070712 0.268167
0 0.762093 0.541223 0.079745 0.296561
0 0.526954 0.542212 0.082624 0.281288
0 0.951431 0.465603 0.052455 0.149874
0 0.809630 0.522699 0.048859 0.230806
0 0.015891 0.541136 0.031725 0.190167
0 0.195487 0.491530 0.054067 0.218210