0 0.464310 0.503148 0.130938 0.359971
0 0.128748 0.502809 0.133474 0.360046
0 0.338941 0.457843 0.085162 0.230897
0 0.877385 0.481031 0.116330 0.386848
0 0.272313 0.432251 0.059875 0.141304
0 0.209926 0.444431 0.062988 0.180088
0 0.595640 0.450908 0.082965 0.235673
0 0.799186 0.490612 0.081028 0.265277
0 0.743833 0.478432 0.064464 0.228492
0 0.686106 0.468653 0.057607 0.227283
0 0.082080 0.454254 0.057385 0.159573
0 0.548336 0.453063 0.058659 0.210896
0 0.653011 0.436819 0.045052 0.153077
0 0.922300 0.500232 0.074416 0.257307
0 0.022900 0.395884 0.029912 0.078408