0 0.878128 0.583960 0.067305 0.118380
0 0.406568 0.442503 0.043231 0.114530
0 0.566674 0.700446 0.067382 0.160517
0 0.717535 0.648304 0.052838 0.147900
0 0.376216 0.720335 0.083984 0.120727
0 0.502205 0.538248 0.059959 0.164696
0 0.443789 0.550618 0.051392 0.160935
0 0.112837 0.716204 0.082278 0.129903
0 0.694290 0.725769 0.066510 0.110520
0 0.900883 0.712131 0.081237 0.138490
0 0.808714 0.739736 0.042077 0.083899
0 0.216361 0.570009 0.048755 0.135177
0 0.584702 0.556517 0.076014 0.114604
0 0.072745 0.559473 0.051203 0.135312
0 0.367557 0.565897 0.049039 0.154966