0 0.085510 0.597000 0.170608 0.541754
0 0.607038 0.519659 0.109741 0.243728
0 0.375137 0.521459 0.101602 0.253223
0 0.249502 0.604778 0.160848 0.449639
0 0.481489 0.512550 0.091799 0.221724
0 0.326090 0.438762 0.067283 0.104619
0 0.433068 0.500688 0.057510 0.212151
0 0.878610 0.462103 0.025468 0.070383
0 0.930984 0.460999 0.022287 0.066960
0 0.857985 0.457215 0.024307 0.070887
0 0.901587 0.464745 0.038387 0.074299
0 0.828320 0.449872 0.013825 0.045456
0 0.954375 0.456709 0.016920 0.047551
0 0.820644 0.449777 0.014926 0.045732