0 0.361253 0.684360 0.035603 0.091945
0 0.193920 0.732126 0.034091 0.064573
0 0.616340 0.723046 0.033180 0.084594
0 0.232440 0.723666 0.031926 0.083297
0 0.840045 0.452291 0.017924 0.047921
0 0.988476 0.383168 0.019924 0.047820
0 0.453745 0.548891 0.022975 0.066394
0 0.211359 0.606625 0.025462 0.067353
0 0.506826 0.549022 0.024711 0.063390
0 0.815963 0.447980 0.016684 0.047731
0 0.547596 0.737415 0.035265 0.052793
0 0.892867 0.393624 0.017257 0.044430
0 0.953693 0.402138 0.016245 0.045213
0 0.473757 0.546921 0.021029 0.064701
0 0.259011 0.509198 0.021477 0.062048
0 0.317425 0.492698 0.019915 0.055084