0 0.175655 0.555879 0.125789 0.405533
0 0.061795 0.567418 0.122571 0.401674
0 0.878256 0.650347 0.236365 0.241763
0 0.641392 0.607754 0.164273 0.310588
0 0.316167 0.559784 0.142572 0.274146
0 0.961437 0.516416 0.074002 0.392321
0 0.426256 0.563128 0.151540 0.263224
0 0.731438 0.415822 0.106526 0.205907
0 0.513285 0.608882 0.135548 0.258918
0 0.852265 0.473196 0.117209 0.259846
0 0.740756 0.626166 0.135342 0.286218
0 0.540485 0.463016 0.115635 0.261668
0 0.638789 0.438437 0.108137 0.219202
0 0.463859 0.423903 0.071751 0.140413