0 0.518556 0.575040 0.104848 0.363441
0 0.706255 0.497868 0.045926 0.129527
0 0.808762 0.501962 0.039933 0.122953
0 0.889864 0.488170 0.028819 0.092447
0 0.339443 0.495341 0.029064 0.084813
0 0.607033 0.487575 0.022657 0.075941
0 0.990751 0.478401 0.015372 0.071071
0 0.366487 0.497553 0.026500 0.078461
0 0.257678 0.510667 0.034240 0.057767
0 0.162698 0.494788 0.044598 0.078760
0 0.386077 0.509130 0.022495 0.053995
0 0.278155 0.492558 0.028339 0.081285
0 0.223178 0.492365 0.018478 0.063021
0 0.848293 0.479676 0.018795 0.043323
0 0.241213 0.489412 0.017037 0.055206