0 0.057989 0.692531 0.115270 0.212440
0 0.598864 0.655822 0.196991 0.281973
0 0.070187 0.554899 0.139327 0.254801
0 0.135092 0.689539 0.167623 0.219154
0 0.845679 0.624347 0.176170 0.234737
0 0.359597 0.655486 0.180097 0.285559
0 0.290319 0.468452 0.095696 0.289867
0 0.766586 0.707727 0.171492 0.177219
0 0.904172 0.750345 0.119145 0.096723
0 0.650426 0.422437 0.113388 0.185292
0 0.172035 0.600807 0.156674 0.293773
0 0.191803 0.443156 0.086606 0.188041
0 0.710339 0.394449 0.069692 0.198436
0 0.383107 0.737543 0.125792 0.123027
0 0.555491 0.491152 0.100076 0.288888
0 0.357339 0.487722 0.114116 0.217343
0 0.108373 0.446880 0.085858 0.163555
0 0.444947 0.443009 0.072084 0.249852