0 0.964141 0.460446 0.068593 0.327890
0 0.396325 0.511356 0.152818 0.355305
0 0.216917 0.372950 0.054041 0.128989
0 0.017183 0.368132 0.034131 0.128399
0 0.126831 0.368258 0.036191 0.104743
0 0.557138 0.353041 0.040903 0.108720
0 0.333175 0.354761 0.036192 0.100648
0 0.483896 0.349989 0.033329 0.095821
0 0.059805 0.361973 0.035410 0.115843
0 0.253057 0.353669 0.031448 0.107553
0 0.627177 0.326887 0.025650 0.061546
0 0.514739 0.330911 0.026601 0.078190
0 0.577937 0.333378 0.018954 0.065581
0 0.181565 0.351569 0.027916 0.095843