0 0.424006 0.699068 0.047293 0.107621
0 0.861463 0.708030 0.049298 0.135401
0 0.543255 0.688819 0.044595 0.114450
0 0.754958 0.702522 0.041821 0.126236
0 0.382131 0.693957 0.051864 0.114865
0 0.153557 0.653710 0.019643 0.037646
0 0.807697 0.681360 0.036860 0.113217
0 0.780795 0.700016 0.029280 0.120922
0 0.364269 0.681633 0.030858 0.103724
0 0.191382 0.654689 0.016710 0.042465
0 0.629972 0.688032 0.029418 0.100077
0 0.668902 0.684714 0.023529 0.084249
0 0.040141 0.655753 0.015229 0.041217
0 0.697160 0.678739 0.032428 0.090933
0 0.647623 0.689207 0.029007 0.099697