0 0.874497 0.602182 0.236022 0.451689
0 0.139993 0.624690 0.178032 0.408124
0 0.542776 0.591161 0.278289 0.475503
0 0.308776 0.626565 0.215433 0.402931
0 0.115398 0.440101 0.152324 0.295498
0 0.659043 0.598349 0.153778 0.457754
0 0.231336 0.430270 0.112286 0.184849
0 0.901507 0.409449 0.061858 0.110499
0 0.355088 0.399903 0.064651 0.096207
0 0.401163 0.596304 0.117387 0.453415
0 0.745246 0.566547 0.119968 0.517263
0 0.588224 0.425216 0.072983 0.095756
0 0.291373 0.413497 0.036429 0.044100
0 0.254896 0.385409 0.048158 0.083424
0 0.475596 0.413790 0.060493 0.111978
0 0.403267 0.468869 0.111865 0.200597