0 0.729653 0.642510 0.220669 0.273479
0 0.549802 0.617317 0.190060 0.324002
0 0.190386 0.618909 0.122522 0.320796
0 0.401244 0.683469 0.259181 0.189819
0 0.299304 0.579288 0.169744 0.264275
0 0.399931 0.508169 0.069777 0.180710
0 0.851904 0.517626 0.063610 0.211516
0 0.511166 0.480330 0.065648 0.155672
0 0.088996 0.616831 0.128818 0.192233
0 0.457328 0.507534 0.060709 0.170124
0 0.047487 0.650165 0.094636 0.223014
0 0.630436 0.501252 0.051451 0.162866
0 0.907974 0.629484 0.180928 0.292298
0 0.734297 0.467300 0.050574 0.093965