0 0.641341 0.664102 0.158141 0.264526
0 0.859477 0.673366 0.125453 0.250419
0 0.343604 0.649725 0.159201 0.295077
0 0.478468 0.652599 0.135602 0.290191
0 0.137721 0.655107 0.153267 0.281625
0 0.558174 0.668660 0.075790 0.259295
0 0.785925 0.672703 0.061907 0.255993
0 0.400466 0.565360 0.073642 0.140225
0 0.603117 0.553566 0.082415 0.139217
0 0.035449 0.615072 0.069688 0.137667
0 0.086787 0.655990 0.087621 0.282819
0 0.268392 0.551154 0.048492 0.081443
0 0.760627 0.549568 0.050562 0.108739
0 0.694722 0.652887 0.099901 0.305537