0 0.500239 0.699741 0.071456 0.163731
0 0.562974 0.724213 0.051874 0.115980
0 0.762620 0.713518 0.047928 0.137661
0 0.176895 0.731874 0.036641 0.100706
0 0.327063 0.735508 0.029293 0.091385
0 0.046564 0.734657 0.035057 0.080721
0 0.811341 0.724978 0.043574 0.115904
0 0.858027 0.716383 0.055459 0.133230
0 0.418546 0.739504 0.028778 0.083995
0 0.361428 0.756147 0.021073 0.042303
0 0.118625 0.735825 0.028494 0.059259
0 0.666831 0.734811 0.025855 0.069321
0 0.370266 0.706275 0.013116 0.037178
0 0.452673 0.724679 0.033296 0.108504
0 0.815337 0.714080 0.137569 0.135411
0 0.615366 0.732616 0.025213 0.069878
0 0.689595 0.733083 0.021619 0.062739