0 0.675501 0.588059 0.143219 0.328506
0 0.932635 0.594052 0.131604 0.289288
0 0.512947 0.497894 0.055693 0.203055
0 0.763868 0.608260 0.176685 0.334207
0 0.100373 0.538684 0.088507 0.273236
0 0.311796 0.538007 0.090237 0.239034
0 0.232344 0.535091 0.056716 0.212841
0 0.356592 0.481650 0.065835 0.160655
0 0.618377 0.476861 0.035332 0.122634
0 0.125773 0.511177 0.051195 0.213328
0 0.021766 0.462821 0.030712 0.087950
0 0.647547 0.483034 0.036122 0.129507
0 0.930304 0.534478 0.093116 0.280252
0 0.180188 0.450186 0.014394 0.044308
0 0.486490 0.473476 0.036775 0.129096