0 0.372131 0.677965 0.098367 0.205704
0 0.753160 0.609164 0.077624 0.088805
0 0.963497 0.636987 0.069882 0.144731
0 0.875889 0.614304 0.060471 0.129562
0 0.465062 0.637703 0.055401 0.143859
0 0.570218 0.679224 0.094334 0.206000
0 0.054312 0.643653 0.071101 0.193240
0 0.740966 0.710829 0.184496 0.139152
0 0.273001 0.625531 0.059009 0.163456
0 0.939506 0.612772 0.064167 0.136263
0 0.510424 0.655867 0.054460 0.136344
0 0.828943 0.617271 0.070426 0.127443
0 0.660898 0.636133 0.053984 0.176639
0 0.621289 0.642314 0.042373 0.142560
0 0.421543 0.646638 0.055098 0.143703
0 0.116115 0.654798 0.034820 0.133747
0 0.149431 0.652274 0.042506 0.122723
0 0.090876 0.667746 0.032803 0.129304