0 0.188195 0.637052 0.107022 0.155157
0 0.323133 0.631750 0.117638 0.178596
0 0.524693 0.627819 0.097749 0.171811
0 0.159284 0.549349 0.087011 0.133372
0 0.714309 0.564414 0.070154 0.240287
0 0.639644 0.625888 0.091328 0.166753
0 0.048810 0.500634 0.029195 0.114325
0 0.267766 0.550598 0.059641 0.214883
0 0.683265 0.516301 0.049031 0.151104
0 0.623492 0.497598 0.074520 0.102987
0 0.979390 0.476861 0.037098 0.114186
0 0.435459 0.635443 0.086162 0.154324
0 0.477410 0.491496 0.036810 0.121266
0 0.944506 0.484836 0.035954 0.116114
0 0.883245 0.488327 0.028696 0.107994
0 0.437064 0.498663 0.030830 0.113198