0 0.808640 0.540311 0.101130 0.272714
0 0.339264 0.531400 0.104426 0.275461
0 0.224864 0.537557 0.101933 0.276188
0 0.692357 0.534629 0.078798 0.262914
0 0.525947 0.524706 0.066628 0.234487
0 0.595175 0.546336 0.110966 0.244207
0 0.155991 0.498806 0.061004 0.177720
0 0.445342 0.501528 0.046157 0.166415
0 0.273463 0.472866 0.028808 0.082483
0 0.009546 0.478016 0.019016 0.123530
0 0.058410 0.467123 0.026712 0.077451
0 0.626937 0.520588 0.061284 0.225490
0 0.122623 0.481866 0.027799 0.111926
0 0.490657 0.495480 0.046398 0.160342
0 0.023066 0.479525 0.021881 0.090024
0 0.076032 0.462801 0.018471 0.060919