0 0.929085 0.588660 0.124332 0.274420
0 0.423864 0.572471 0.086291 0.253356
0 0.254735 0.565466 0.083221 0.207269
0 0.347142 0.582540 0.081924 0.255550
0 0.719240 0.496571 0.049763 0.137654
0 0.556212 0.506146 0.061436 0.157272
0 0.086611 0.497841 0.054622 0.122130
0 0.492858 0.487867 0.058912 0.134354
0 0.815172 0.502539 0.052776 0.136915
0 0.648881 0.504260 0.048845 0.139045
0 0.618587 0.482743 0.037518 0.132133
0 0.985442 0.600163 0.025991 0.219915
0 0.281309 0.471608 0.039548 0.105108
0 0.866362 0.459677 0.030640 0.095553
0 0.836740 0.486418 0.023926 0.097620