0 0.976554 0.592618 0.043766 0.186205
0 0.909066 0.586439 0.064305 0.175618
0 0.843366 0.581948 0.059479 0.178026
0 0.690830 0.555847 0.051718 0.161906
0 0.336351 0.561837 0.045694 0.138851
0 0.652388 0.553143 0.046123 0.162436
0 0.499796 0.563449 0.050962 0.150406
0 0.767263 0.571938 0.046168 0.152214
0 0.541742 0.558822 0.048368 0.150974
0 0.291666 0.546879 0.041924 0.144444
0 0.205228 0.541123 0.038476 0.131329
0 0.236789 0.543352 0.041343 0.131441
0 0.147596 0.539479 0.044369 0.135205
0 0.802625 0.577593 0.042731 0.165046
0 0.728318 0.561797 0.043831 0.167402
0 0.601732 0.551262 0.046837 0.144081
0 0.949162 0.587886 0.047308 0.179434
0 0.078792 0.534004 0.043871 0.128564
0 0.460984 0.558060 0.042517 0.142044
0 0.371469 0.558134 0.039921 0.134613