0 0.325163 0.611121 0.069305 0.212801
0 0.136092 0.616620 0.078907 0.219031
0 0.252325 0.620546 0.057603 0.195754
0 0.556950 0.656947 0.107781 0.187394
0 0.473514 0.599271 0.077390 0.192794
0 0.395769 0.574128 0.036273 0.108175
0 0.219051 0.598394 0.041592 0.167040
0 0.717626 0.608492 0.083773 0.086575
0 0.430026 0.573596 0.031403 0.114315
0 0.637854 0.629302 0.063219 0.131000
0 0.182721 0.568411 0.044898 0.111815
0 0.590727 0.587462 0.048453 0.072174
0 0.532755 0.554288 0.028758 0.063770
0 0.693305 0.603303 0.051069 0.085963