0 0.676059 0.561639 0.104466 0.257918
0 0.123876 0.531956 0.168249 0.323263
0 0.466557 0.608667 0.266274 0.184148
0 0.324949 0.559696 0.074819 0.258634
0 0.603377 0.572196 0.072592 0.228874
0 0.197415 0.568218 0.087418 0.268189
0 0.842276 0.561343 0.139784 0.283249
0 0.265736 0.567290 0.077107 0.266379
0 0.722923 0.537261 0.058957 0.259927
0 0.767675 0.546949 0.049385 0.253856
0 0.390970 0.541429 0.065791 0.258707
0 0.434831 0.506665 0.067500 0.120081
0 0.524546 0.556170 0.090896 0.258143
0 0.434165 0.569132 0.065164 0.249026