0 0.901627 0.602708 0.193621 0.351401
0 0.257968 0.513521 0.086480 0.305946
0 0.690710 0.486315 0.081052 0.222819
0 0.821541 0.478335 0.099263 0.203803
0 0.514821 0.498590 0.077654 0.250714
0 0.375274 0.517180 0.090639 0.226798
0 0.130968 0.463176 0.048989 0.159934
0 0.065133 0.472441 0.054385 0.178841
0 0.439243 0.470294 0.045340 0.128795
0 0.216615 0.479034 0.051266 0.218060
0 0.557613 0.481511 0.043655 0.251363
0 0.175446 0.448443 0.045797 0.152176
0 0.337779 0.456451 0.044299 0.160620
0 0.622512 0.408665 0.031219 0.081874