0 0.235123 0.586720 0.060504 0.159012
0 0.901674 0.585866 0.065590 0.176532
0 0.420062 0.644378 0.095845 0.268787
0 0.062994 0.574778 0.063673 0.191921
0 0.354639 0.644955 0.065747 0.264373
0 0.128843 0.567609 0.068991 0.204277
0 0.546481 0.657458 0.082822 0.241462
0 0.957666 0.711838 0.081543 0.134897
0 0.775877 0.550442 0.058810 0.153024
0 0.675368 0.586089 0.053464 0.159184
0 0.963435 0.560389 0.062748 0.173489
0 0.595519 0.645621 0.051565 0.206815
0 0.301116 0.569201 0.049989 0.172351
0 0.716045 0.542927 0.045234 0.155652