0 0.853152 0.705133 0.081395 0.152714
0 0.631772 0.703510 0.037680 0.150713
0 0.715566 0.670947 0.029134 0.096038
0 0.489674 0.671609 0.028230 0.064518
0 0.390764 0.670055 0.024635 0.064069
0 0.442188 0.671706 0.025504 0.062367
0 0.244696 0.671359 0.033667 0.091484
0 0.159082 0.654957 0.019825 0.053815
0 0.363946 0.668151 0.027151 0.068482
0 0.078207 0.657954 0.028039 0.078556
0 0.286734 0.670457 0.042511 0.090457
0 0.108157 0.657996 0.024267 0.071487
0 0.515577 0.664872 0.023978 0.063493
0 0.005392 0.656470 0.010758 0.053982