0 0.097208 0.613126 0.093505 0.377458
0 0.160895 0.592011 0.088757 0.408196
0 0.432770 0.626469 0.118642 0.317518
0 0.555498 0.574193 0.144722 0.433959
0 0.305029 0.611349 0.100372 0.343099
0 0.778358 0.606291 0.081220 0.331917
0 0.226201 0.584919 0.085013 0.324819
0 0.875521 0.603361 0.103497 0.338405
0 0.643639 0.601787 0.083655 0.347751
0 0.922806 0.595594 0.095526 0.353940
0 0.718259 0.614050 0.083950 0.306049
0 0.476619 0.588734 0.052055 0.288004
0 0.380989 0.598061 0.049285 0.275521
0 0.517245 0.594854 0.068605 0.365601