0 0.968068 0.425751 0.060739 0.294614
0 0.063219 0.668890 0.126143 0.218421
0 0.838856 0.393295 0.078358 0.222376
0 0.781043 0.398820 0.065343 0.227621
0 0.627625 0.471322 0.119826 0.155170
0 0.731894 0.488069 0.094342 0.172267
0 0.537687 0.449015 0.083093 0.122196
0 0.148844 0.712762 0.139298 0.135980
0 0.264422 0.350236 0.062688 0.209025
0 0.318140 0.369273 0.065861 0.219138
0 0.175002 0.404987 0.071634 0.195080
0 0.632869 0.351953 0.068874 0.129739
0 0.098906 0.414321 0.083149 0.229812
0 0.465891 0.438225 0.084599 0.109549
0 0.209920 0.357360 0.074417 0.231941
0 0.595719 0.376059 0.058235 0.183754