0 0.243640 0.664842 0.091000 0.246432
0 0.859105 0.690770 0.117046 0.283026
0 0.487637 0.706368 0.090390 0.252305
0 0.955301 0.688790 0.086272 0.275201
0 0.586258 0.632127 0.065468 0.185925
0 0.721175 0.685261 0.066077 0.227080
0 0.691111 0.659667 0.055033 0.217436
0 0.316911 0.561298 0.023444 0.067353
0 0.657959 0.629724 0.055441 0.192938
0 0.528910 0.611119 0.053420 0.141412
0 0.449956 0.591266 0.044948 0.096484
0 0.777853 0.717333 0.119406 0.232022
0 0.287005 0.556096 0.021512 0.066201
0 0.122550 0.557646 0.019940 0.064176
0 0.611919 0.618755 0.040022 0.152997
0 0.163365 0.556177 0.024634 0.058100