0 0.560451 0.690099 0.097218 0.181521
0 0.741946 0.681346 0.057180 0.125478
0 0.849453 0.682743 0.051733 0.169675
0 0.084400 0.662788 0.062375 0.166712
0 0.150237 0.664992 0.052915 0.158002
0 0.212185 0.659668 0.045295 0.109787
0 0.814337 0.745875 0.062934 0.069119
0 0.428515 0.641870 0.031961 0.099657
0 0.706918 0.629363 0.022492 0.058269
0 0.333189 0.643030 0.023117 0.085495
0 0.363621 0.636316 0.026393 0.088599
0 0.019460 0.660064 0.038665 0.199206
0 0.452113 0.639475 0.023932 0.091925
0 0.397389 0.641344 0.034023 0.107831
0 0.978608 0.667529 0.024004 0.115656
0 0.314176 0.645881 0.027238 0.085134
0 0.483772 0.639831 0.028196 0.091830