0 0.296802 0.651797 0.206677 0.251340
0 0.225973 0.531121 0.054652 0.152098
0 0.654552 0.496110 0.060198 0.137364
0 0.548701 0.463285 0.041282 0.078638
0 0.939265 0.535123 0.118345 0.103437
0 0.691289 0.464372 0.039400 0.112734
0 0.177698 0.474530 0.032175 0.092521
0 0.721522 0.462305 0.022311 0.093447
0 0.485772 0.439798 0.022100 0.052742
0 0.312158 0.448770 0.022344 0.061870
0 0.090212 0.488543 0.052858 0.068792
0 0.966611 0.476098 0.034715 0.074466
0 0.839311 0.466028 0.049947 0.060411
0 0.870305 0.462445 0.041120 0.054951
0 0.050988 0.533866 0.058053 0.078630