0 0.452223 0.581485 0.154693 0.412378
0 0.930897 0.551650 0.135080 0.324776
0 0.286039 0.577466 0.131802 0.412943
0 0.193317 0.577418 0.103366 0.394033
0 0.033985 0.505772 0.067855 0.200603
0 0.768850 0.479606 0.071996 0.205039
0 0.820094 0.475619 0.055228 0.206312
0 0.730406 0.472586 0.056566 0.206463
0 0.115347 0.496181 0.072842 0.202790
0 0.689764 0.445960 0.037928 0.116040
0 0.869416 0.468581 0.054602 0.201628
0 0.160946 0.420883 0.044095 0.073613
0 0.552353 0.433678 0.033388 0.083412
0 0.410540 0.430139 0.049321 0.093347
0 0.139172 0.396449 0.037062 0.064046
0 0.587536 0.413461 0.020185 0.063948