0 0.564938 0.619755 0.104727 0.320063
0 0.946393 0.649627 0.104089 0.257638
0 0.253574 0.660926 0.131316 0.238829
0 0.396890 0.685026 0.176994 0.190059
0 0.340754 0.554388 0.079702 0.210186
0 0.825838 0.656618 0.135921 0.256888
0 0.137778 0.623571 0.131436 0.250131
0 0.641196 0.638541 0.087909 0.279506
0 0.709183 0.575253 0.078765 0.229058
0 0.409929 0.546768 0.071205 0.131035
0 0.766561 0.724389 0.093512 0.112702
0 0.762942 0.538357 0.049632 0.167436
0 0.036903 0.603124 0.070392 0.272936
0 0.803969 0.533839 0.053651 0.115895