0 0.275191 0.649480 0.030794 0.102398
0 0.324014 0.657750 0.031094 0.093370
0 0.430672 0.736757 0.041962 0.084255
0 0.237541 0.648456 0.034516 0.095713
0 0.890932 0.665457 0.038857 0.114060
0 0.846636 0.666042 0.035158 0.108763
0 0.779566 0.672884 0.030204 0.094648
0 0.753978 0.635996 0.029628 0.095820
0 0.118689 0.730640 0.052867 0.101084
0 0.173953 0.724436 0.046294 0.113927
0 0.607995 0.573187 0.024640 0.070604
0 0.194283 0.625207 0.028406 0.085861
0 0.652868 0.569136 0.029247 0.069729
0 0.808234 0.667535 0.026774 0.101643
0 0.626533 0.572793 0.018651 0.065126