0 0.227989 0.624296 0.250023 0.308390
0 0.842030 0.615411 0.090050 0.260756
0 0.451473 0.623967 0.109789 0.310174
0 0.676891 0.620853 0.078605 0.241747
0 0.038240 0.635317 0.075978 0.245518
0 0.618642 0.602111 0.070639 0.233397
0 0.770440 0.628770 0.084203 0.282019
0 0.387894 0.641707 0.069522 0.274691
0 0.282447 0.559735 0.069008 0.133091
0 0.099572 0.626000 0.071188 0.245484
0 0.539642 0.610907 0.057018 0.202197
0 0.710894 0.572524 0.040579 0.152694
0 0.952373 0.683983 0.092130 0.189374
0 0.579241 0.579699 0.040746 0.158036
0 0.743442 0.539853 0.042197 0.125709