0 0.127951 0.672039 0.149629 0.217427
0 0.037036 0.673813 0.073435 0.216317
0 0.669813 0.636924 0.104657 0.286818
0 0.294200 0.681663 0.162730 0.198298
0 0.402108 0.665537 0.076715 0.215014
0 0.950240 0.704656 0.096396 0.148345
0 0.883804 0.675516 0.112519 0.207501
0 0.934633 0.559294 0.077171 0.162038
0 0.522639 0.625945 0.097726 0.211871
0 0.786654 0.584746 0.130970 0.148596
0 0.799533 0.708812 0.162075 0.143832
0 0.360391 0.582539 0.079508 0.151324
0 0.480182 0.730889 0.158572 0.100691
0 0.431957 0.554288 0.051114 0.143711