0 0.074310 0.697096 0.108687 0.225223
0 0.568890 0.679884 0.080885 0.238400
0 0.254157 0.655193 0.056038 0.262761
0 0.206673 0.680074 0.073630 0.225534
0 0.473679 0.677410 0.081353 0.239814
0 0.131398 0.690438 0.065283 0.206922
0 0.931423 0.645213 0.077065 0.239898
0 0.707369 0.638628 0.068947 0.278428
0 0.770376 0.643954 0.054583 0.212351
0 0.331007 0.664539 0.070663 0.264581
0 0.168647 0.682674 0.047869 0.179174
0 0.044717 0.695286 0.051640 0.206645
0 0.404054 0.671050 0.055953 0.228192
0 0.859863 0.561095 0.060429 0.110254
0 0.626807 0.630482 0.062047 0.256750
0 0.480916 0.558228 0.039886 0.068186
0 0.809651 0.565271 0.045019 0.097783