0 0.177190 0.760735 0.028953 0.069082
0 0.259999 0.768661 0.031716 0.078412
0 0.466447 0.748282 0.024576 0.078604
0 0.238608 0.758191 0.026076 0.074158
0 0.531810 0.756005 0.026637 0.069800
0 0.445401 0.752286 0.023749 0.079582
0 0.303024 0.717809 0.021604 0.063167
0 0.711727 0.748862 0.026782 0.072465
0 0.950958 0.723566 0.021006 0.054190
0 0.578529 0.736886 0.024033 0.059928
0 0.331501 0.720075 0.022513 0.058653
0 0.316056 0.812947 0.037699 0.043154
0 0.547718 0.738297 0.018070 0.055080
0 0.261807 0.715334 0.023457 0.055722