0 0.722494 0.710639 0.064450 0.187788
0 0.208910 0.595060 0.043751 0.129362
0 0.630719 0.525857 0.046685 0.100189
0 0.710424 0.534631 0.045405 0.112279
0 0.109332 0.507687 0.037604 0.095391
0 0.779468 0.622093 0.053088 0.137209
0 0.028351 0.525163 0.036104 0.102350
0 0.585321 0.607726 0.044667 0.142025
0 0.317516 0.506295 0.037525 0.101310
0 0.980228 0.563991 0.036418 0.113460
0 0.336451 0.615843 0.049548 0.130551
0 0.953615 0.545272 0.050406 0.110553
0 0.165862 0.547667 0.041227 0.114026
0 0.907391 0.583285 0.045137 0.123985
0 0.815816 0.610352 0.049520 0.124762
0 0.280959 0.522789 0.038305 0.059782
0 0.919370 0.577167 0.022953 0.109478