0 0.534932 0.639181 0.049187 0.152476
0 0.602196 0.637735 0.039452 0.147136
0 0.355593 0.637399 0.054804 0.157581
0 0.266056 0.646309 0.055032 0.170391
0 0.490328 0.640295 0.053245 0.156917
0 0.131245 0.668113 0.084300 0.136102
0 0.311196 0.639200 0.041752 0.160251
0 0.170680 0.656525 0.066745 0.116292
0 0.410839 0.619100 0.030769 0.101978
0 0.560228 0.615065 0.024306 0.112127
0 0.230720 0.650027 0.030118 0.137693
0 0.763731 0.617640 0.015416 0.047713
0 0.087278 0.670630 0.079721 0.119469
0 0.692414 0.619559 0.030918 0.058367