0 0.696710 0.702344 0.034741 0.111053
0 0.622326 0.696456 0.040222 0.100614
0 0.083450 0.723508 0.042334 0.112827
0 0.157341 0.717925 0.065131 0.126871
0 0.557010 0.692082 0.036466 0.115988
0 0.513569 0.653500 0.030284 0.095390
0 0.732001 0.702256 0.034088 0.117744
0 0.248766 0.719496 0.049919 0.124216
0 0.650955 0.678972 0.026567 0.100827
0 0.384173 0.723896 0.029977 0.110962
0 0.283540 0.652267 0.027207 0.073044
0 0.229003 0.646893 0.025293 0.078324
0 0.375864 0.640763 0.028478 0.070706
0 0.309682 0.652337 0.025692 0.069131
0 0.253068 0.640438 0.025871 0.071660
0 0.413702 0.734469 0.058184 0.091852