0 0.201075 0.528463 0.090196 0.291254
0 0.925847 0.528273 0.062188 0.174365
0 0.844663 0.527759 0.071840 0.195233
0 0.669203 0.533227 0.054704 0.151973
0 0.256009 0.535278 0.033533 0.086837
0 0.535378 0.527516 0.062523 0.199673
0 0.981859 0.521998 0.033156 0.185124
0 0.337019 0.529566 0.044789 0.147489
0 0.616400 0.528459 0.045662 0.144161
0 0.712011 0.531269 0.054261 0.163557
0 0.584607 0.525649 0.054228 0.177183
0 0.875143 0.522034 0.046610 0.173860
0 0.441533 0.540876 0.032436 0.084622
0 0.355092 0.530717 0.039331 0.113985
0 0.492376 0.534344 0.024382 0.072563