0 0.225483 0.584839 0.132164 0.349168
0 0.803525 0.537168 0.069493 0.215395
0 0.513415 0.513463 0.105286 0.231270
0 0.927980 0.531077 0.100329 0.238947
0 0.363533 0.504331 0.051575 0.148980
0 0.054578 0.493514 0.044583 0.139045
0 0.740303 0.534909 0.050604 0.201971
0 0.410230 0.483014 0.038154 0.101849
0 0.117318 0.497078 0.043149 0.134183
0 0.467227 0.505971 0.050508 0.163860
0 0.701702 0.516403 0.053936 0.194642
0 0.016198 0.502703 0.031839 0.121244
0 0.581880 0.531064 0.070362 0.215681
0 0.443257 0.498223 0.033346 0.150783