0 0.937871 0.626882 0.121133 0.306489
0 0.814968 0.614277 0.111098 0.330814
0 0.416545 0.577626 0.104503 0.364565
0 0.131728 0.567040 0.122968 0.309219
0 0.239359 0.582102 0.105053 0.389257
0 0.561536 0.589485 0.122928 0.381070
0 0.684345 0.550827 0.060405 0.182018
0 0.765585 0.593610 0.070390 0.265500
0 0.492027 0.563056 0.063198 0.233811
0 0.308283 0.545076 0.044125 0.144847
0 0.079950 0.565120 0.062559 0.244267
0 0.051324 0.547374 0.050162 0.216940
0 0.730650 0.552535 0.045918 0.181869
0 0.964739 0.499125 0.044982 0.085118