0 0.563853 0.508228 0.057948 0.172040
0 0.026911 0.502911 0.053572 0.158576
0 0.805953 0.499193 0.037798 0.113517
0 0.767488 0.493113 0.047370 0.127194
0 0.287737 0.502259 0.045536 0.129101
0 0.606130 0.513807 0.047962 0.156962
0 0.987574 0.491744 0.021727 0.090016
0 0.866755 0.485157 0.023031 0.070974
0 0.337981 0.496735 0.045518 0.113989
0 0.103661 0.499387 0.050597 0.137262
0 0.196815 0.502218 0.041342 0.151706
0 0.153255 0.496900 0.042289 0.150003
0 0.938094 0.481691 0.033896 0.079805
0 0.432787 0.497552 0.040779 0.150259
0 0.402730 0.500124 0.042453 0.142520
0 0.673015 0.493834 0.047426 0.119848
0 0.896072 0.484928 0.019564 0.069106
0 0.731693 0.499255 0.027554 0.084331
0 0.466800 0.497586 0.044167 0.132290