0 0.666961 0.673048 0.098944 0.248754
0 0.729566 0.664625 0.076266 0.267150
0 0.267219 0.628259 0.052219 0.143773
0 0.857320 0.662111 0.085591 0.271172
0 0.926038 0.673649 0.087432 0.249601
0 0.780394 0.626553 0.040353 0.163690
0 0.200723 0.621074 0.064514 0.150023
0 0.379593 0.606485 0.044287 0.125851
0 0.973323 0.640309 0.050229 0.197100
0 0.810543 0.620037 0.034906 0.159611
0 0.303478 0.606157 0.037645 0.113503
0 0.331297 0.599574 0.040166 0.121356
0 0.014438 0.644169 0.028876 0.231452
0 0.429400 0.585405 0.025552 0.085299