0 0.781378 0.573661 0.138870 0.291817
0 0.446685 0.641712 0.138605 0.376379
0 0.076988 0.540949 0.073187 0.184108
0 0.650352 0.534261 0.056517 0.203066
0 0.827968 0.528181 0.050608 0.173040
0 0.549349 0.643178 0.106457 0.370253
0 0.721828 0.528568 0.040285 0.139446
0 0.592117 0.534861 0.069295 0.163078
0 0.212545 0.516922 0.056525 0.107049
0 0.129474 0.575480 0.055266 0.124235
0 0.269447 0.492076 0.031844 0.081813
0 0.309521 0.499568 0.048659 0.088505
0 0.141532 0.485580 0.025089 0.059602
0 0.028432 0.482813 0.018456 0.058599
0 0.406394 0.484074 0.022934 0.066858
0 0.372153 0.483329 0.020137 0.069276