0 0.728352 0.780665 0.090323 0.186237
0 0.321666 0.748353 0.097766 0.250999
0 0.431824 0.729141 0.069079 0.218652
0 0.544136 0.753673 0.088939 0.229256
0 0.649706 0.786082 0.112029 0.175016
0 0.151680 0.701638 0.062120 0.177774
0 0.021814 0.755438 0.043365 0.225609
0 0.489419 0.686878 0.058831 0.215805
0 0.918586 0.769950 0.108877 0.174907
0 0.818224 0.763595 0.088801 0.202215
0 0.268581 0.770464 0.110987 0.205709
0 0.846444 0.662069 0.055191 0.142238
0 0.896737 0.653271 0.063648 0.100789
0 0.067455 0.736816 0.076138 0.211036
0 0.868825 0.805465 0.137603 0.130180
0 0.973705 0.816914 0.049465 0.114839
0 0.959092 0.699442 0.053185 0.136855