0 0.890457 0.782595 0.062539 0.097155
0 0.214364 0.767037 0.045052 0.100299
0 0.817300 0.774658 0.049456 0.108022
0 0.123676 0.766397 0.059007 0.095383
0 0.534397 0.782111 0.039405 0.092839
0 0.612335 0.780231 0.030977 0.092345
0 0.684923 0.779904 0.041117 0.100837
0 0.304168 0.745305 0.021872 0.060030
0 0.566636 0.772620 0.024363 0.089952
0 0.583159 0.777439 0.028361 0.088388
0 0.448687 0.768752 0.027891 0.085242
0 0.467558 0.775836 0.034156 0.083758
0 0.512527 0.777665 0.021191 0.096077
0 0.281024 0.752040 0.018909 0.070358