0 0.173773 0.633861 0.111783 0.230359
0 0.076084 0.661513 0.114733 0.198264
0 0.697774 0.751186 0.125782 0.231445
0 0.393476 0.676473 0.103761 0.267805
0 0.831749 0.706742 0.102941 0.225542
0 0.277875 0.659057 0.117574 0.215381
0 0.486167 0.650051 0.094601 0.205552
0 0.592575 0.760677 0.156644 0.236670
0 0.408544 0.537031 0.119482 0.171347
0 0.641604 0.533113 0.082445 0.143603
0 0.513359 0.539515 0.089696 0.158531
0 0.624367 0.696914 0.094495 0.196018
0 0.792263 0.634384 0.071547 0.178832
0 0.706016 0.637432 0.075723 0.141378
0 0.742933 0.537998 0.078971 0.099476