0 0.916829 0.506000 0.135730 0.398913
0 0.138953 0.540302 0.135781 0.419651
0 0.076513 0.528975 0.080653 0.384555
0 0.727188 0.416759 0.104494 0.138297
0 0.341308 0.541880 0.099977 0.353270
0 0.244895 0.534849 0.109226 0.372060
0 0.827555 0.533352 0.101013 0.310771
0 0.824998 0.378538 0.094818 0.130589
0 0.629155 0.409326 0.104865 0.149066
0 0.543129 0.421696 0.094171 0.133593
0 0.763902 0.396037 0.058189 0.131390
0 0.442896 0.435101 0.101793 0.116044
0 0.544313 0.532951 0.099017 0.353043
0 0.677352 0.373083 0.055561 0.104212
0 0.341178 0.434167 0.098143 0.129819
0 0.726615 0.534088 0.104968 0.373876