0 0.191335 0.698244 0.059284 0.150051
0 0.484411 0.682618 0.044735 0.142067
0 0.432915 0.686793 0.039501 0.134499
0 0.699980 0.700410 0.085854 0.160582
0 0.853415 0.680210 0.042025 0.103314
0 0.657100 0.695007 0.071900 0.169872
0 0.983748 0.672406 0.026683 0.074042
0 0.057569 0.648351 0.018415 0.050730
0 0.093109 0.648475 0.019424 0.052700
0 0.911445 0.683403 0.029420 0.099876
0 0.397859 0.659060 0.024981 0.052090
0 0.336966 0.692059 0.037809 0.127993
0 0.944347 0.657662 0.019205 0.046635
0 0.510003 0.673046 0.026046 0.098403