0 0.558734 0.627122 0.064974 0.209161
0 0.803027 0.617203 0.070209 0.209756
0 0.640149 0.637911 0.082463 0.219302
0 0.163034 0.577767 0.048545 0.105698
0 0.751248 0.560468 0.037501 0.118471
0 0.694001 0.578498 0.046753 0.124938
0 0.642217 0.536622 0.040606 0.064776
0 0.085389 0.577389 0.032259 0.118327
0 0.359931 0.559459 0.066551 0.062378
0 0.113623 0.556630 0.033813 0.068699
0 0.724219 0.556541 0.026263 0.106185
0 0.836004 0.537904 0.028728 0.075685
0 0.392602 0.542284 0.028852 0.047154
0 0.317316 0.554592 0.021676 0.065629
0 0.140128 0.559812 0.021723 0.074561