0 0.070710 0.652371 0.140509 0.329323
0 0.204780 0.665016 0.127325 0.308349
0 0.392335 0.618954 0.092732 0.263606
0 0.316919 0.628366 0.083257 0.245258
0 0.662113 0.635036 0.093050 0.274014
0 0.563365 0.606200 0.082760 0.221467
0 0.496727 0.617435 0.065707 0.223047
0 0.859016 0.667022 0.090900 0.277631
0 0.747074 0.641838 0.081281 0.245439
0 0.790003 0.629257 0.055987 0.222104
0 0.138358 0.628879 0.058269 0.202400
0 0.267992 0.593146 0.044549 0.139972
0 0.450926 0.595520 0.036620 0.142081
0 0.013277 0.571306 0.026494 0.156662