0 0.230302 0.680738 0.199321 0.202399
0 0.377312 0.662729 0.118032 0.237989
0 0.846582 0.654775 0.085023 0.256154
0 0.668844 0.664659 0.087833 0.233245
0 0.598259 0.670851 0.072038 0.221075
0 0.955244 0.634383 0.058143 0.174086
0 0.778083 0.668198 0.075371 0.225590
0 0.036245 0.663844 0.072237 0.223241
0 0.065507 0.716154 0.129202 0.127686
0 0.907145 0.642099 0.058358 0.177875
0 0.489798 0.677283 0.059639 0.206479
0 0.152573 0.678507 0.090037 0.183785
0 0.736742 0.643553 0.055078 0.182043
0 0.079660 0.611358 0.072142 0.122044
0 0.447705 0.670598 0.063466 0.216207
0 0.292582 0.627872 0.057520 0.126305