0 0.529365 0.508867 0.129836 0.249117
0 0.347717 0.545455 0.122647 0.377267
0 0.435362 0.512701 0.093706 0.320274
0 0.963179 0.526141 0.070517 0.310522
0 0.206156 0.569585 0.163517 0.417911
0 0.723987 0.492750 0.071725 0.195151
0 0.041582 0.588063 0.082593 0.372528
0 0.080421 0.514659 0.089442 0.329475
0 0.882919 0.479599 0.059114 0.182981
0 0.796023 0.464771 0.044519 0.129124
0 0.757130 0.474920 0.048005 0.169368
0 0.936533 0.477292 0.057600 0.199856
0 0.138399 0.537699 0.098045 0.335803
0 0.472343 0.464166 0.050070 0.159887
0 0.138367 0.449083 0.094847 0.153285
0 0.831929 0.480355 0.047219 0.147591