0 0.050147 0.572707 0.099565 0.364869
0 0.686487 0.520986 0.054954 0.155908
0 0.794972 0.510260 0.055461 0.088169
0 0.111658 0.486545 0.043371 0.128941
0 0.177884 0.488352 0.046445 0.121194
0 0.343250 0.507015 0.038451 0.108333
0 0.378520 0.502350 0.035625 0.116241
0 0.543263 0.510496 0.035426 0.107800
0 0.509052 0.511779 0.037642 0.110664
0 0.423910 0.496667 0.034108 0.106775
0 0.457533 0.508706 0.028372 0.083031
0 0.926866 0.535701 0.056332 0.137670
0 0.480490 0.498384 0.030403 0.095536
0 0.254140 0.497323 0.041319 0.106343