0 0.121178 0.679356 0.094499 0.204713
0 0.936536 0.690878 0.079520 0.180476
0 0.744882 0.673565 0.057438 0.166249
0 0.826212 0.675993 0.041552 0.160166
0 0.024479 0.687414 0.048488 0.179465
0 0.230164 0.686655 0.063078 0.190902
0 0.781128 0.660803 0.038203 0.146497
0 0.294253 0.632429 0.029225 0.074723
0 0.696880 0.622737 0.032827 0.068931
0 0.389163 0.624090 0.028808 0.063496
0 0.963571 0.628280 0.036205 0.060405
0 0.042488 0.652160 0.037319 0.092939
0 0.337817 0.616528 0.021396 0.045932
0 0.590557 0.646407 0.028018 0.027101