0 0.983215 0.699781 0.025014 0.059144
0 0.899462 0.701876 0.017980 0.057001
0 0.787079 0.705202 0.018739 0.055454
0 0.921380 0.699778 0.024437 0.063193
0 0.326427 0.715692 0.028981 0.049131
0 0.426267 0.718355 0.032399 0.048621
0 0.159455 0.698147 0.012966 0.034243
0 0.017053 0.695446 0.016520 0.033002
0 0.101328 0.698855 0.015639 0.040743
0 0.137738 0.699090 0.015714 0.045203
0 0.764070 0.704427 0.020133 0.054897
0 0.942626 0.698876 0.019056 0.062920
0 0.178918 0.697111 0.014855 0.034174
0 0.115102 0.700160 0.015480 0.041442