0 0.917179 0.596242 0.076046 0.173477
0 0.726574 0.564892 0.107730 0.306627
0 0.472907 0.513660 0.049714 0.158565
0 0.631830 0.590652 0.073855 0.200565
0 0.079567 0.515673 0.082997 0.180263
0 0.165225 0.508467 0.051621 0.114033
0 0.916670 0.492994 0.046688 0.096492
0 0.793883 0.498399 0.026794 0.074503
0 0.667885 0.547190 0.060501 0.235538
0 0.555516 0.515422 0.028247 0.071595
0 0.364717 0.499254 0.022685 0.068457
0 0.594388 0.506113 0.027663 0.088455
0 0.508074 0.509127 0.026389 0.110934
0 0.974763 0.492307 0.024909 0.070524
0 0.827080 0.489433 0.018252 0.053322