0 0.310304 0.582092 0.206519 0.429405
0 0.157525 0.635894 0.189229 0.320849
0 0.053111 0.594519 0.105726 0.399495
0 0.427176 0.621321 0.141455 0.351130
0 0.973019 0.538339 0.050836 0.189175
0 0.547668 0.569871 0.097917 0.212180
0 0.081241 0.353215 0.067639 0.132518
0 0.917653 0.493387 0.085770 0.156453
0 0.889300 0.606429 0.123550 0.238116
0 0.891413 0.697417 0.214050 0.202465
0 0.686187 0.587492 0.146387 0.414651
0 0.746074 0.632546 0.212356 0.330827
0 0.583462 0.742434 0.094388 0.115254
0 0.503537 0.650211 0.102149 0.290724