0 0.066720 0.614104 0.131770 0.408014
0 0.810677 0.574469 0.192555 0.509603
0 0.304518 0.563907 0.198836 0.520623
0 0.500158 0.576419 0.139804 0.468120
0 0.912291 0.572398 0.172294 0.508825
0 0.648973 0.464950 0.085048 0.236236
0 0.147478 0.494018 0.079552 0.246818
0 0.398844 0.527515 0.078244 0.352913
0 0.077257 0.420063 0.080575 0.118619
0 0.765828 0.385398 0.052684 0.079781
0 0.585461 0.425556 0.049888 0.144672
0 0.716990 0.446425 0.047505 0.155686
0 0.219342 0.484447 0.081448 0.250359
0 0.195674 0.495750 0.051374 0.232748