0 0.436546 0.631679 0.040770 0.128873
0 0.032634 0.615301 0.044921 0.130924
0 0.654767 0.620676 0.038036 0.127630
0 0.504771 0.633338 0.050674 0.127377
0 0.236086 0.628272 0.071142 0.129865
0 0.753224 0.637202 0.043819 0.125492
0 0.841780 0.637158 0.043586 0.122213
0 0.383635 0.629310 0.041079 0.131915
0 0.585480 0.621208 0.028663 0.095721
0 0.117516 0.620291 0.052789 0.139637
0 0.722893 0.634983 0.032360 0.121838
0 0.625242 0.627633 0.032348 0.109335
0 0.327420 0.628342 0.037946 0.125655
0 0.551653 0.623335 0.042703 0.113759