0 0.083746 0.659822 0.166809 0.240634
0 0.306965 0.679262 0.082162 0.202795
0 0.584449 0.670945 0.088619 0.221895
0 0.713041 0.667041 0.066708 0.229293
0 0.230066 0.690811 0.081402 0.181145
0 0.913641 0.631471 0.060186 0.165160
0 0.494852 0.671665 0.078499 0.219837
0 0.420670 0.680147 0.070600 0.201498
0 0.173186 0.674884 0.072622 0.209651
0 0.786050 0.665532 0.081705 0.230082
0 0.374503 0.664757 0.058803 0.187998
0 0.666929 0.674389 0.067443 0.213867
0 0.869928 0.627176 0.044322 0.150276
0 0.129379 0.586575 0.047706 0.064144
0 0.976102 0.639216 0.044671 0.169582