0 0.962399 0.577767 0.072078 0.258336
0 0.148998 0.741200 0.098137 0.261139
0 0.852120 0.671157 0.193488 0.197672
0 0.373407 0.745786 0.076022 0.246305
0 0.208149 0.750457 0.116071 0.247884
0 0.704361 0.649566 0.109797 0.121256
0 0.504112 0.766406 0.104730 0.119320
0 0.609568 0.752553 0.102496 0.163564
0 0.324169 0.668916 0.053999 0.131968
0 0.274929 0.654133 0.034857 0.092132
0 0.633039 0.840656 0.107477 0.068042
0 0.661720 0.641242 0.068108 0.099691
0 0.820054 0.664666 0.092868 0.158218
0 0.410504 0.696001 0.046338 0.189303