0 0.433385 0.533120 0.043607 0.115999
0 0.583549 0.527733 0.037355 0.108127
0 0.537066 0.523267 0.042779 0.124680
0 0.077307 0.523928 0.031598 0.113178
0 0.102371 0.526319 0.027928 0.104424
0 0.505350 0.523501 0.034632 0.114555
0 0.632387 0.510555 0.025745 0.074615
0 0.405746 0.519404 0.022755 0.078466
0 0.715543 0.506803 0.024783 0.078388
0 0.384588 0.518590 0.025357 0.078606
0 0.681601 0.507714 0.024258 0.073360
0 0.348405 0.524199 0.028463 0.070025
0 0.048181 0.532908 0.027681 0.093552
0 0.291969 0.518668 0.027974 0.067474