0 0.715613 0.646982 0.197855 0.265977
0 0.375151 0.662973 0.108232 0.233750
0 0.176672 0.647967 0.154378 0.263203
0 0.504344 0.667043 0.116097 0.224782
0 0.060281 0.668875 0.105235 0.223331
0 0.310000 0.643330 0.059490 0.173677
0 0.277765 0.620278 0.046422 0.143722
0 0.904071 0.615287 0.062079 0.094485
0 0.457897 0.595658 0.028626 0.073582
0 0.939134 0.652408 0.055209 0.060278
0 0.033257 0.604037 0.056022 0.125633
0 0.611230 0.611402 0.035660 0.089258
0 0.865556 0.606468 0.033688 0.046901
0 0.439076 0.596300 0.017372 0.059752