0 0.152741 0.642270 0.157262 0.373762
0 0.277359 0.659100 0.129742 0.341304
0 0.405757 0.578745 0.137942 0.194161
0 0.866118 0.600265 0.119843 0.348550
0 0.781516 0.503443 0.073681 0.154804
0 0.715479 0.515651 0.079541 0.163178
0 0.625161 0.558455 0.124260 0.161715
0 0.519324 0.585353 0.107830 0.139593
0 0.269884 0.501738 0.140907 0.166258
0 0.371556 0.524249 0.074571 0.151574
0 0.460626 0.498125 0.082091 0.188399
0 0.901250 0.450225 0.066173 0.144785
0 0.392557 0.433692 0.099669 0.107641
0 0.568852 0.507316 0.090424 0.157173