0 0.737145 0.510968 0.103255 0.266781
0 0.801846 0.472657 0.070448 0.194649
0 0.378655 0.462467 0.056042 0.148312
0 0.276218 0.474486 0.066758 0.194227
0 0.497390 0.452081 0.046995 0.124065
0 0.660931 0.453397 0.046155 0.146446
0 0.537864 0.452785 0.047498 0.138855
0 0.632018 0.436248 0.035364 0.108917
0 0.941875 0.506804 0.066993 0.118357
0 0.464605 0.441104 0.039551 0.132786
0 0.599196 0.437107 0.034274 0.108289
0 0.435557 0.447788 0.044055 0.112087
0 0.980402 0.493654 0.036072 0.083680
0 0.331984 0.465580 0.048671 0.134583
0 0.979796 0.532918 0.037282 0.168106
0 0.230954 0.487781 0.076179 0.176253