0 0.936383 0.635151 0.116200 0.218596
0 0.284684 0.609476 0.079515 0.204780
0 0.139356 0.604575 0.085593 0.202554
0 0.023581 0.529412 0.047016 0.280263
0 0.059529 0.609043 0.095111 0.218229
0 0.416441 0.604056 0.081647 0.208750
0 0.630433 0.617266 0.092588 0.204132
0 0.555042 0.606424 0.066413 0.204182
0 0.209958 0.606650 0.092077 0.204266
0 0.487708 0.610488 0.079405 0.187228
0 0.748669 0.632786 0.130036 0.210703
0 0.346996 0.613253 0.073116 0.178200
0 0.137519 0.436812 0.081178 0.167655
0 0.841519 0.573202 0.094696 0.237272
0 0.258493 0.507546 0.059641 0.102431