0 0.041636 0.611687 0.082958 0.191286
0 0.924568 0.660821 0.123249 0.235826
0 0.570967 0.642312 0.078195 0.246810
0 0.738729 0.637977 0.081039 0.231349
0 0.167640 0.567676 0.059398 0.137103
0 0.839774 0.662291 0.128152 0.236181
0 0.629053 0.632415 0.067949 0.191132
0 0.466209 0.548848 0.037038 0.095328
0 0.526962 0.605901 0.061989 0.198950
0 0.397005 0.546455 0.035223 0.111028
0 0.869062 0.732874 0.122909 0.097133
0 0.328214 0.538286 0.033236 0.087311
0 0.429103 0.550915 0.029018 0.098713
0 0.361687 0.535792 0.032118 0.086494