0 0.281260 0.649609 0.052273 0.124860
0 0.509468 0.548748 0.042692 0.111348
0 0.378617 0.653120 0.032753 0.124136
0 0.708070 0.536449 0.044330 0.108375
0 0.755816 0.538265 0.048864 0.114650
0 0.585164 0.524400 0.039095 0.096149
0 0.410996 0.657244 0.039210 0.125104
0 0.777321 0.490916 0.039460 0.095253
0 0.085578 0.762746 0.059943 0.037185
0 0.544832 0.525460 0.035409 0.096987
0 0.315777 0.764152 0.056737 0.034640
0 0.439361 0.652334 0.035967 0.124772
0 0.734926 0.472564 0.035365 0.090740
0 0.695729 0.475498 0.042181 0.081483
0 0.428798 0.590803 0.039212 0.050910