0 0.508603 0.617733 0.077707 0.216708
0 0.712736 0.589428 0.093767 0.194374
0 0.053331 0.599759 0.062662 0.165563
0 0.186596 0.636561 0.087561 0.285640
0 0.659898 0.616541 0.056831 0.181480
0 0.384490 0.587551 0.041499 0.120237
0 0.412268 0.589545 0.030137 0.118934
0 0.252255 0.637405 0.083359 0.240842
0 0.554795 0.570930 0.026663 0.084964
0 0.093538 0.559898 0.022868 0.077379
0 0.909146 0.557217 0.034089 0.084169
0 0.115344 0.567486 0.029262 0.082255
0 0.328557 0.568315 0.017283 0.052140
0 0.872289 0.554153 0.031012 0.086270