0 0.953672 0.665950 0.089531 0.191974
0 0.535706 0.658491 0.075425 0.186955
0 0.202290 0.666063 0.061016 0.175262
0 0.249831 0.668907 0.055045 0.169042
0 0.091129 0.656489 0.051834 0.145591
0 0.361926 0.649408 0.037010 0.109403
0 0.476108 0.644242 0.048947 0.112339
0 0.423024 0.643577 0.050435 0.116940
0 0.125773 0.656650 0.043448 0.129956
0 0.659284 0.620742 0.029751 0.086933
0 0.635728 0.625242 0.023205 0.077545
0 0.771215 0.642924 0.029374 0.096804
0 0.726087 0.632135 0.024984 0.075984
0 0.743834 0.631713 0.028753 0.081218