0 0.667642 0.764274 0.055032 0.134128
0 0.734854 0.760413 0.050246 0.146151
0 0.258018 0.690794 0.038358 0.111464
0 0.293504 0.701167 0.038383 0.112782
0 0.810471 0.667721 0.036998 0.092419
0 0.488511 0.781030 0.064219 0.104414
0 0.840062 0.660432 0.030157 0.095487
0 0.434686 0.782974 0.047446 0.101017
0 0.819114 0.568703 0.016181 0.044709
0 0.267785 0.606213 0.027975 0.076766
0 0.552053 0.786903 0.051085 0.094203
0 0.962942 0.786618 0.064385 0.090658
0 0.359818 0.675281 0.025516 0.107358
0 0.519921 0.711034 0.031319 0.111665
0 0.386989 0.677724 0.035239 0.111563
0 0.342219 0.661069 0.025714 0.093138
0 0.568304 0.710608 0.034258 0.114543