0 0.144602 0.655653 0.075208 0.111653
0 0.244614 0.660260 0.145427 0.152222
0 0.819750 0.584674 0.032079 0.090037
0 0.720423 0.581974 0.022183 0.082624
0 0.016010 0.579877 0.028253 0.073374
0 0.557677 0.563445 0.021449 0.050969
0 0.788798 0.586462 0.023519 0.092255
0 0.674619 0.604312 0.044091 0.114849
0 0.562316 0.595868 0.027271 0.044231
0 0.267494 0.578391 0.024643 0.071969
0 0.608025 0.594814 0.027682 0.045594
0 0.509626 0.576865 0.017761 0.068893
0 0.895369 0.574976 0.019655 0.063521
0 0.485431 0.593026 0.030356 0.045007
0 0.430137 0.592340 0.022884 0.038936