0 0.632250 0.609119 0.087241 0.236694
0 0.788890 0.584402 0.070516 0.174562
0 0.960319 0.604863 0.076237 0.217544
0 0.054999 0.618751 0.109805 0.221097
0 0.399985 0.589807 0.090520 0.212158
0 0.176066 0.599670 0.132050 0.255920
0 0.982002 0.582126 0.032870 0.235889
0 0.244741 0.627632 0.071257 0.161049
0 0.571047 0.586197 0.056309 0.195586
0 0.537452 0.600577 0.065052 0.191163
0 0.502155 0.547097 0.019370 0.060492
0 0.307509 0.606317 0.067576 0.209098
0 0.700905 0.537211 0.020503 0.067820
0 0.105278 0.612942 0.051877 0.204219