0 0.518346 0.530697 0.054857 0.185876
0 0.659533 0.513133 0.075932 0.249223
0 0.571195 0.523509 0.060523 0.206548
0 0.328056 0.527424 0.040381 0.127621
0 0.768664 0.450430 0.089965 0.128955
0 0.476366 0.530810 0.046849 0.170414
0 0.191692 0.484590 0.033596 0.063423
0 0.895840 0.463579 0.041131 0.090985
0 0.166155 0.489436 0.036636 0.050131
0 0.242662 0.495423 0.030323 0.048769
0 0.708839 0.441383 0.048890 0.132950
0 0.616771 0.531504 0.044873 0.202937
0 0.836787 0.464566 0.067810 0.090836
0 0.954892 0.502586 0.087090 0.221036
0 0.866039 0.464565 0.033091 0.081935