0 0.597768 0.688475 0.149508 0.184847
0 0.480409 0.665357 0.128722 0.230080
0 0.694881 0.676786 0.052214 0.142867
0 0.731236 0.654492 0.031652 0.107873
0 0.165810 0.694077 0.070030 0.116490
0 0.409115 0.661756 0.028396 0.059005
0 0.759503 0.652571 0.032126 0.107391
0 0.070520 0.667982 0.062700 0.055167
0 0.648611 0.629779 0.049248 0.070810
0 0.787306 0.652397 0.024951 0.091576
0 0.942990 0.633280 0.024863 0.065817
0 0.266864 0.662355 0.060442 0.055909
0 0.385303 0.663833 0.035703 0.051154
0 0.332422 0.660439 0.067409 0.057905