0 0.940178 0.730061 0.064133 0.102246
0 0.089398 0.734238 0.048644 0.091908
0 0.986553 0.725811 0.023769 0.114722
0 0.672084 0.751024 0.061687 0.060946
0 0.598454 0.689438 0.038820 0.096803
0 0.950332 0.633436 0.027490 0.056251
0 0.282575 0.659840 0.033778 0.082638
0 0.541250 0.669347 0.041164 0.085684
0 0.671518 0.649875 0.026461 0.076164
0 0.635646 0.652382 0.026316 0.071095
0 0.432274 0.662917 0.033070 0.083460
0 0.216053 0.660296 0.024267 0.076760
0 0.472152 0.658044 0.020357 0.081720
0 0.333525 0.662133 0.022339 0.073457
0 0.361377 0.659988 0.020549 0.075321