0 0.543218 0.715606 0.142931 0.131845
0 0.205107 0.726229 0.017864 0.060181
0 0.182999 0.725355 0.018518 0.059728
0 0.759534 0.746888 0.025102 0.060829
0 0.014138 0.730546 0.025340 0.080431
0 0.131585 0.742668 0.019330 0.056884
0 0.033684 0.729456 0.026500 0.084065
0 0.393154 0.723724 0.020780 0.047922
0 0.097300 0.725022 0.018530 0.052777
0 0.084176 0.722355 0.015527 0.055278
0 0.787999 0.744942 0.021021 0.061663
0 0.350858 0.726002 0.015980 0.048338
0 0.672052 0.740891 0.018951 0.055993
0 0.336076 0.730624 0.017982 0.056974
0 0.830722 0.743516 0.025827 0.057507
0 0.689972 0.742228 0.019612 0.057435
0 0.408957 0.724130 0.015843 0.046748
0 0.621189 0.740967 0.021025 0.052528
0 0.975844 0.742450 0.017242 0.052796