0 0.857163 0.526025 0.095228 0.353033
0 0.060976 0.531970 0.097988 0.320234
0 0.136709 0.539399 0.087282 0.315563
0 0.721474 0.534768 0.087422 0.312248
0 0.224098 0.532238 0.099659 0.326378
0 0.776696 0.520742 0.075777 0.328600
0 0.416330 0.526338 0.091646 0.326803
0 0.415362 0.423253 0.090166 0.121666
0 0.107451 0.394342 0.042664 0.077738
0 0.322499 0.510723 0.108328 0.365280
0 0.499483 0.423048 0.090960 0.119006
0 0.322483 0.408324 0.106547 0.161598
0 0.500135 0.525231 0.088320 0.324172
0 0.650949 0.409157 0.081819 0.150858
0 0.746033 0.380088 0.041800 0.100918
0 0.695268 0.378260 0.046693 0.093753
0 0.589895 0.417553 0.080396 0.134728