0 0.450142 0.691053 0.098630 0.179422
0 0.531420 0.685184 0.074615 0.192087
0 0.813949 0.678850 0.044555 0.131299
0 0.376845 0.670322 0.099913 0.218939
0 0.725688 0.684955 0.061876 0.157756
0 0.867666 0.676282 0.050853 0.136456
0 0.659062 0.676174 0.044380 0.142356
0 0.076521 0.693897 0.051979 0.172317
0 0.040942 0.694700 0.080928 0.172984
0 0.621692 0.682307 0.037711 0.164368
0 0.908909 0.671216 0.037953 0.094460
0 0.021721 0.692067 0.043316 0.162746
0 0.688796 0.670122 0.026118 0.091926
0 0.153633 0.382597 0.081405 0.151451