0 0.599864 0.558556 0.145140 0.345935
0 0.940161 0.549288 0.107465 0.323225
0 0.123331 0.598898 0.138778 0.356478
0 0.235188 0.504775 0.099804 0.282027
0 0.745239 0.569123 0.126193 0.323770
0 0.342934 0.504999 0.086047 0.276788
0 0.456829 0.450958 0.081063 0.255754
0 0.804074 0.397655 0.072899 0.217875
0 0.091812 0.422347 0.070171 0.089783
0 0.682519 0.392638 0.076918 0.229592
0 0.390219 0.451705 0.071395 0.246399
0 0.863087 0.349265 0.054564 0.175760
0 0.621923 0.351937 0.051178 0.130112
0 0.513115 0.418327 0.061001 0.203360
0 0.670325 0.662848 0.092073 0.128458
0 0.200165 0.474200 0.046135 0.201082