0 0.917084 0.570050 0.162708 0.393079
0 0.776860 0.561499 0.130867 0.419387
0 0.651587 0.562975 0.130932 0.418312
0 0.537254 0.553426 0.120443 0.425566
0 0.193189 0.521907 0.384679 0.287784
0 0.038836 0.503613 0.076852 0.438658
0 0.333780 0.451044 0.116765 0.180601
0 0.429264 0.479360 0.107585 0.239593
0 0.301269 0.392009 0.086756 0.144799
0 0.155741 0.385395 0.069786 0.143143
0 0.098823 0.533766 0.132000 0.411655
0 0.843824 0.413553 0.071550 0.171000
0 0.592675 0.413513 0.068987 0.122599
0 0.785779 0.355276 0.057734 0.119837
0 0.394677 0.381179 0.052596 0.113704
0 0.689124 0.369450 0.075481 0.137719
0 0.203291 0.402582 0.053453 0.092045