0 0.230052 0.550146 0.088886 0.310119
0 0.079580 0.541426 0.106693 0.317663
0 0.321304 0.533538 0.125797 0.350983
0 0.952167 0.472613 0.034975 0.108406
0 0.767036 0.480169 0.036078 0.108971
0 0.875169 0.490639 0.041877 0.108294
0 0.597340 0.481680 0.025320 0.100979
0 0.723308 0.479420 0.032140 0.112712
0 0.744559 0.477566 0.024092 0.106957
0 0.805770 0.480671 0.035754 0.103046
0 0.645263 0.476634 0.025413 0.079908
0 0.702709 0.484707 0.023576 0.100679
0 0.492161 0.485225 0.028842 0.066158
0 0.914357 0.475965 0.044685 0.104444
0 0.045015 0.534519 0.059216 0.306974