0 0.474055 0.606633 0.120873 0.407614
0 0.255564 0.537398 0.104707 0.330119
0 0.838509 0.486841 0.073061 0.230152
0 0.957302 0.493274 0.080670 0.221236
0 0.541164 0.574657 0.104713 0.348755
0 0.733314 0.524957 0.084543 0.294488
0 0.141532 0.487675 0.060044 0.249825
0 0.675268 0.512965 0.092414 0.267834
0 0.881438 0.480900 0.058854 0.233256
0 0.362359 0.521212 0.085274 0.284861
0 0.189271 0.527467 0.071389 0.265345
0 0.790487 0.488930 0.050333 0.208713
0 0.410957 0.511999 0.064459 0.281488
0 0.595311 0.515474 0.057689 0.254182