0 0.600064 0.612268 0.097325 0.233549
0 0.531424 0.609409 0.082203 0.259237
0 0.729166 0.584978 0.065643 0.181439
0 0.086582 0.624630 0.122643 0.311831
0 0.779263 0.578207 0.061142 0.158547
0 0.435269 0.565264 0.042061 0.107767
0 0.394678 0.573622 0.039776 0.104461
0 0.326121 0.570595 0.049609 0.125239
0 0.946965 0.505405 0.042415 0.151789
0 0.848814 0.550330 0.027779 0.074018
0 0.977255 0.502856 0.042366 0.159828
0 0.652802 0.566179 0.045942 0.103676
0 0.685794 0.565051 0.027322 0.096064
0 0.358537 0.575897 0.031103 0.097349
0 0.232333 0.555186 0.025688 0.069263
0 0.253693 0.557519 0.019375 0.066939
0 0.022742 0.624947 0.044702 0.301404
0 0.156211 0.553271 0.021573 0.055988