0 0.720933 0.522940 0.120471 0.373009
0 0.247039 0.480579 0.108704 0.289431
0 0.069287 0.502603 0.088745 0.189131
0 0.358156 0.471516 0.082630 0.237641
0 0.810096 0.490115 0.098953 0.373537
0 0.162453 0.518553 0.137991 0.331991
0 0.594428 0.391340 0.040182 0.101883
0 0.623628 0.388443 0.026092 0.087115
0 0.285164 0.427476 0.044221 0.148209
0 0.474496 0.368792 0.015063 0.037225
0 0.085867 0.432899 0.023419 0.056024
0 0.454721 0.375065 0.012226 0.026921
0 0.650446 0.375402 0.016076 0.048759
0 0.895304 0.422566 0.020204 0.068232