0 0.909677 0.496816 0.063613 0.178145
0 0.174700 0.660661 0.064995 0.223761
0 0.694888 0.640181 0.084445 0.239364
0 0.632990 0.715695 0.092645 0.129768
0 0.022508 0.713985 0.044836 0.131390
0 0.247472 0.658346 0.061031 0.208990
0 0.314225 0.504490 0.061911 0.163579
0 0.644794 0.541957 0.079393 0.207944
0 0.437666 0.680675 0.072818 0.200625
0 0.539018 0.547408 0.065989 0.188242
0 0.308425 0.744902 0.093682 0.070531
0 0.229018 0.484864 0.049869 0.145970
0 0.441614 0.500385 0.051680 0.163502
0 0.858063 0.464567 0.054125 0.169219
0 0.105563 0.519735 0.059338 0.162370
0 0.712250 0.448458 0.053395 0.158543
0 0.798647 0.449113 0.055615 0.149938
0 0.402592 0.449236 0.052796 0.160765
0 0.750559 0.465445 0.040792 0.167388
0 0.628082 0.418694 0.055704 0.113117