0 0.048656 0.582880 0.096716 0.387012
0 0.205112 0.575192 0.154831 0.408611
0 0.441630 0.586823 0.160105 0.385037
0 0.330332 0.541814 0.129775 0.326790
0 0.781542 0.563678 0.200010 0.423665
0 0.891211 0.464953 0.051712 0.151668
0 0.664455 0.450734 0.066658 0.161538
0 0.603395 0.438315 0.075257 0.188244
0 0.538714 0.574054 0.126651 0.386066
0 0.847210 0.459568 0.070473 0.174727
0 0.008839 0.423128 0.017375 0.059718
0 0.710776 0.424431 0.041078 0.097083
0 0.591237 0.562215 0.087078 0.355558
0 0.028786 0.414426 0.035184 0.051188