0 0.219517 0.399337 0.048885 0.111807
0 0.375656 0.407346 0.058186 0.167685
0 0.438984 0.414760 0.082156 0.201772
0 0.695636 0.408201 0.053848 0.177104
0 0.580603 0.427689 0.092451 0.191977
0 0.735325 0.394162 0.046225 0.173561
0 0.521824 0.414749 0.058369 0.168202
0 0.786529 0.418449 0.068987 0.179353
0 0.643560 0.406649 0.049991 0.177358
0 0.503019 0.461497 0.049642 0.114446
0 0.057352 0.387050 0.052804 0.114787
0 0.486284 0.384565 0.042020 0.115150
0 0.870974 0.360357 0.023427 0.067378
0 0.812191 0.404136 0.038770 0.155935
0 0.309535 0.369768 0.030628 0.074228