0 0.076638 0.501815 0.114283 0.338356
0 0.575574 0.509473 0.371339 0.580506
0 0.171285 0.532345 0.125545 0.376516
0 0.865097 0.596326 0.120200 0.303877
0 0.345560 0.611588 0.116987 0.234843
0 0.757052 0.613537 0.123330 0.228018
0 0.270726 0.609440 0.140481 0.277996
0 0.501051 0.588425 0.126188 0.218556
0 0.756530 0.470463 0.124784 0.255494
0 0.263739 0.446129 0.093896 0.184171
0 0.344219 0.439871 0.084341 0.202037
0 0.954031 0.409676 0.024259 0.061076
0 0.415150 0.512863 0.090446 0.331866
0 0.904131 0.406907 0.028156 0.066364
0 0.375225 0.356876 0.051060 0.104213