0 0.031590 0.698067 0.062580 0.190977
0 0.446794 0.692221 0.051321 0.125444
0 0.286508 0.697495 0.045354 0.123243
0 0.984771 0.701146 0.027333 0.093865
0 0.804198 0.707623 0.040801 0.131356
0 0.952656 0.695880 0.033959 0.112707
0 0.879802 0.694406 0.043745 0.116214
0 0.754139 0.709792 0.050116 0.125483
0 0.183565 0.705912 0.039992 0.135501
0 0.331912 0.704178 0.060942 0.138391
0 0.829376 0.695922 0.026653 0.122415
0 0.233488 0.691448 0.036796 0.100845
0 0.523856 0.703201 0.033325 0.074005
0 0.121387 0.698728 0.039777 0.111827
0 0.388934 0.694681 0.039655 0.100465
0 0.561023 0.697539 0.033188 0.089600
0 0.621780 0.702999 0.025211 0.077917
0 0.715312 0.703617 0.019998 0.075525
0 0.776185 0.699933 0.033004 0.135906
0 0.148285 0.697808 0.025939 0.109524
0 0.359872 0.700172 0.033703 0.122664