0 0.042874 0.641415 0.085370 0.290725
0 0.500210 0.613318 0.142437 0.345082
0 0.762651 0.640608 0.072369 0.240188
0 0.866741 0.623717 0.104939 0.210892
0 0.827089 0.627420 0.096749 0.211231
0 0.926543 0.632764 0.061360 0.179193
0 0.983977 0.602100 0.028921 0.160983
0 0.495204 0.433373 0.074246 0.091659
0 0.437052 0.596635 0.087433 0.336789
0 0.885347 0.607713 0.041262 0.174089
0 0.622519 0.445922 0.034669 0.097821
0 0.556478 0.435294 0.046876 0.099396
0 0.936889 0.555882 0.042318 0.056564
0 0.536144 0.482071 0.061324 0.092204