0 0.927405 0.517800 0.068953 0.149463
0 0.773516 0.513068 0.055220 0.122367
0 0.828460 0.515875 0.049413 0.123061
0 0.137655 0.522468 0.039177 0.122902
0 0.296759 0.509755 0.030629 0.099923
0 0.407233 0.496730 0.025072 0.069666
0 0.256601 0.515937 0.034069 0.094373
0 0.497954 0.511988 0.029698 0.093064
0 0.582470 0.510299 0.036071 0.101294
0 0.682550 0.498661 0.032759 0.080932
0 0.201283 0.507750 0.054747 0.099627
0 0.634236 0.496567 0.024093 0.069912
0 0.555768 0.505206 0.023677 0.086556
0 0.981764 0.494664 0.033347 0.074505