0 0.966053 0.650596 0.064768 0.257417
0 0.441582 0.609996 0.059787 0.149397
0 0.555276 0.641047 0.072927 0.244002
0 0.496537 0.651369 0.068631 0.243522
0 0.385412 0.627074 0.057719 0.139299
0 0.248664 0.587732 0.024510 0.062723
0 0.282459 0.597449 0.038973 0.103357
0 0.171377 0.595830 0.022452 0.063732
0 0.224863 0.588928 0.022066 0.061894
0 0.081354 0.589163 0.035770 0.068808
0 0.774857 0.609664 0.054930 0.058196
0 0.329998 0.582330 0.021930 0.060705
0 0.634512 0.615432 0.070164 0.087745
0 0.708441 0.621400 0.048089 0.080360