0 0.056626 0.625493 0.072837 0.183201
0 0.555314 0.651974 0.069516 0.200336
0 0.330260 0.600061 0.071376 0.197840
0 0.492067 0.446007 0.038621 0.110788
0 0.252078 0.584294 0.061679 0.180583
0 0.175826 0.615257 0.060390 0.176629
0 0.503313 0.602608 0.058016 0.182783
0 0.161500 0.435113 0.031170 0.096326
0 0.312423 0.471061 0.051722 0.074241
0 0.437151 0.621930 0.076058 0.183556
0 0.538147 0.448985 0.034971 0.103554
0 0.293480 0.419895 0.029537 0.093427
0 0.620458 0.414690 0.029797 0.077404
0 0.626686 0.604550 0.059201 0.138284