0 0.081883 0.624397 0.157860 0.386064
0 0.210977 0.556412 0.048373 0.153457
0 0.429611 0.549022 0.049545 0.121188
0 0.767168 0.596147 0.078809 0.262211
0 0.718964 0.582193 0.058677 0.230884
0 0.257887 0.534919 0.041262 0.105973
0 0.181039 0.538448 0.035023 0.122585
0 0.326596 0.529773 0.026828 0.080711
0 0.569912 0.547741 0.034560 0.115026
0 0.377370 0.529959 0.031582 0.083710
0 0.832647 0.533775 0.052817 0.078229
0 0.403676 0.530978 0.023286 0.080444
0 0.638434 0.534712 0.029687 0.078239
0 0.720159 0.522239 0.059360 0.107314