0 0.753160 0.688137 0.139051 0.257250
0 0.658083 0.690531 0.082141 0.256058
0 0.905474 0.686844 0.151838 0.265126
0 0.592824 0.690373 0.067560 0.251059
0 0.488530 0.678501 0.080861 0.231350
0 0.309433 0.687927 0.098674 0.261033
0 0.957079 0.676103 0.082716 0.250080
0 0.834598 0.672692 0.068101 0.231202
0 0.547227 0.641435 0.039050 0.121062
0 0.377617 0.658866 0.045790 0.140338
0 0.447071 0.668067 0.049525 0.202550
0 0.038400 0.676986 0.076418 0.249186
0 0.124784 0.632605 0.049087 0.109515
0 0.713994 0.613056 0.043591 0.080789
0 0.229344 0.693978 0.079404 0.249126
0 0.157407 0.658641 0.092268 0.132129