0 0.956730 0.592829 0.083416 0.367200
0 0.283063 0.607006 0.105753 0.363604
0 0.591156 0.550551 0.095338 0.294430
0 0.141077 0.512077 0.048271 0.144751
0 0.848869 0.508745 0.056321 0.163736
0 0.059783 0.529185 0.053406 0.145761
0 0.346375 0.526781 0.059808 0.198540
0 0.470379 0.525012 0.096956 0.222983
0 0.884086 0.491197 0.048303 0.166157
0 0.018853 0.545920 0.037561 0.145797
0 0.405549 0.506945 0.053380 0.129674
0 0.031244 0.526016 0.043511 0.132181
0 0.689085 0.501543 0.060257 0.177500
0 0.761024 0.476896 0.035006 0.121580
0 0.543027 0.494957 0.036039 0.142574
0 0.507142 0.490170 0.040273 0.128679
0 0.727707 0.496719 0.044577 0.161200