0 0.692131 0.578788 0.143644 0.195687
0 0.301472 0.576411 0.078963 0.220650
0 0.978911 0.566111 0.039054 0.145142
0 0.864166 0.563252 0.057687 0.150667
0 0.796505 0.585855 0.088446 0.190184
0 0.227962 0.573099 0.082930 0.212590
0 0.578894 0.544196 0.034400 0.095833
0 0.554376 0.548514 0.026648 0.084052
0 0.443931 0.539757 0.026206 0.076455
0 0.020719 0.612013 0.041402 0.216762
0 0.033699 0.569210 0.065070 0.228239
0 0.125136 0.539250 0.037597 0.101657
0 0.491595 0.540674 0.021990 0.065246
0 0.531489 0.542441 0.024072 0.070606
0 0.427635 0.541602 0.022144 0.074825
0 0.169481 0.541040 0.030094 0.092926
0 0.509843 0.542214 0.019385 0.063742
0 0.464293 0.526831 0.016157 0.051330