0 0.025193 0.606223 0.049787 0.098663
0 0.450240 0.585551 0.115213 0.351394
0 0.170936 0.595188 0.047340 0.179184
0 0.778047 0.592882 0.033406 0.093278
0 0.366760 0.599766 0.062978 0.182356
0 0.871524 0.590258 0.041396 0.138521
0 0.215640 0.600373 0.037254 0.163359
0 0.589265 0.610667 0.029757 0.074064
0 0.563359 0.598219 0.031573 0.098627
0 0.707991 0.595059 0.030759 0.090723
0 0.732601 0.593281 0.024831 0.074788
0 0.667944 0.602290 0.027920 0.062694
0 0.242529 0.599206 0.059165 0.171046
0 0.842881 0.600208 0.031924 0.063219
0 0.923942 0.592417 0.043675 0.099474
0 0.636631 0.605217 0.018379 0.050173
0 0.894335 0.579717 0.031866 0.144971
0 0.623647 0.606456 0.013922 0.049566