0 0.247644 0.522619 0.068826 0.183965
0 0.818981 0.561384 0.136124 0.419462
0 0.652952 0.519564 0.086412 0.242945
0 0.559129 0.515868 0.039032 0.138881
0 0.436017 0.521066 0.052250 0.123182
0 0.315074 0.524953 0.033238 0.110395
0 0.122933 0.512294 0.044960 0.127008
0 0.368455 0.523106 0.037197 0.119743
0 0.472681 0.517647 0.042964 0.133528
0 0.591345 0.520852 0.041906 0.124987
0 0.715897 0.499974 0.056429 0.130771
0 0.943895 0.525460 0.065451 0.167816
0 0.289690 0.518997 0.026521 0.102100
0 0.500757 0.513648 0.025430 0.091018
0 0.341020 0.521075 0.020837 0.074975