0 0.096137 0.587230 0.191066 0.342233
0 0.260441 0.544796 0.131780 0.327582
0 0.426800 0.529147 0.088225 0.273999
0 0.301207 0.521363 0.095748 0.299319
0 0.157784 0.530522 0.082400 0.280355
0 0.615603 0.457842 0.043094 0.148856
0 0.818067 0.464268 0.044819 0.143676
0 0.550840 0.468637 0.049927 0.153069
0 0.376840 0.472983 0.054950 0.168348
0 0.882846 0.465369 0.045212 0.148887
0 0.722880 0.464705 0.050745 0.134122
0 0.857571 0.459639 0.049392 0.155814
0 0.678360 0.465780 0.048288 0.143726
0 0.473502 0.483304 0.049072 0.197179
0 0.580821 0.450723 0.036259 0.128172
0 0.760977 0.444958 0.030046 0.108597
0 0.502675 0.461748 0.038566 0.152548
0 0.635601 0.447965 0.028675 0.129481