0 0.402352 0.758830 0.040401 0.100270
0 0.370093 0.678846 0.031383 0.088238
0 0.347648 0.771309 0.037966 0.105853
0 0.624967 0.308560 0.026595 0.044736
0 0.365896 0.305114 0.024917 0.059586
0 0.010218 0.311620 0.020343 0.069408
0 0.975861 0.619620 0.045153 0.090857
0 0.214085 0.501669 0.028641 0.077073
0 0.813908 0.613408 0.042694 0.072171
0 0.173761 0.324747 0.024609 0.064800
0 0.810022 0.666550 0.052188 0.078093
0 0.674757 0.330922 0.028276 0.065078
0 0.697114 0.705610 0.037505 0.080957
0 0.964493 0.573856 0.028740 0.081195