0 0.073956 0.613985 0.081030 0.331991
0 0.590115 0.649005 0.050122 0.155615
0 0.231320 0.624911 0.083261 0.224475
0 0.416203 0.632634 0.093083 0.292049
0 0.685750 0.644622 0.058414 0.185230
0 0.350329 0.654578 0.050224 0.176521
0 0.962410 0.663663 0.069059 0.165989
0 0.306200 0.638388 0.037633 0.120028
0 0.752959 0.649548 0.062904 0.169774
0 0.632155 0.648336 0.046879 0.129442
0 0.833975 0.654293 0.053207 0.170844
0 0.157112 0.599142 0.061959 0.175704
0 0.898968 0.651050 0.058988 0.186372
0 0.276943 0.633864 0.051593 0.134496
0 0.497263 0.646042 0.027462 0.077636
0 0.522505 0.649105 0.026654 0.074189
0 0.463283 0.647438 0.024481 0.076726
0 0.982776 0.658741 0.031324 0.171261
0 0.553186 0.649241 0.026976 0.070220