0 0.822884 0.625142 0.072408 0.263486
0 0.198528 0.598899 0.071686 0.230589
0 0.653930 0.567570 0.066105 0.144704
0 0.461264 0.571619 0.069995 0.185840
0 0.282422 0.650731 0.082027 0.187879
0 0.342823 0.669796 0.073933 0.172772
0 0.755653 0.621579 0.073580 0.234045
0 0.681684 0.681036 0.077831 0.160205
0 0.711844 0.589421 0.054504 0.178248
0 0.529574 0.608118 0.069142 0.232802
0 0.493308 0.678833 0.088865 0.179310
0 0.414515 0.673999 0.072323 0.163111
0 0.411565 0.567658 0.054168 0.120344
0 0.155745 0.539622 0.041569 0.107161
0 0.589765 0.618088 0.069458 0.211821