0 0.196216 0.698573 0.055051 0.157520
0 0.385554 0.689904 0.051003 0.145298
0 0.825201 0.689877 0.084655 0.177777
0 0.437664 0.693228 0.050398 0.133851
0 0.270554 0.694242 0.067623 0.174249
0 0.711261 0.688174 0.038826 0.161220
0 0.327435 0.697463 0.074906 0.166362
0 0.752266 0.692361 0.057461 0.172512
0 0.031058 0.657444 0.030168 0.086297
0 0.116506 0.670402 0.036357 0.106899
0 0.501835 0.695246 0.047909 0.150452
0 0.600978 0.696441 0.053201 0.165075
0 0.883673 0.669219 0.060666 0.138613
0 0.088390 0.655511 0.031512 0.083397
0 0.008792 0.665623 0.017584 0.103043
0 0.144430 0.671529 0.040705 0.107866