0 0.474405 0.606935 0.075133 0.222715
0 0.256975 0.584871 0.082748 0.235656
0 0.122255 0.607104 0.070441 0.187185
0 0.905960 0.603585 0.082395 0.191149
0 0.375942 0.599360 0.078152 0.240873
0 0.566628 0.596463 0.077240 0.244603
0 0.749916 0.621952 0.074914 0.212777
0 0.971481 0.601079 0.053914 0.237679
0 0.643687 0.611948 0.085925 0.222621
0 0.703911 0.581902 0.063837 0.190112
0 0.315209 0.597676 0.062269 0.206069
0 0.839377 0.565170 0.055394 0.167164
0 0.424166 0.497749 0.019399 0.057409
0 0.445212 0.482359 0.017685 0.051269