0 0.073368 0.664915 0.098270 0.232003
0 0.242369 0.632736 0.127041 0.272168
0 0.885240 0.657735 0.153577 0.242495
0 0.322506 0.661740 0.159806 0.231361
0 0.513297 0.636516 0.116996 0.284356
0 0.717042 0.662352 0.160149 0.235126
0 0.575793 0.612042 0.081700 0.295995
0 0.039182 0.703676 0.078029 0.152972
0 0.676792 0.640866 0.106032 0.266082
0 0.948035 0.575919 0.100806 0.265594
0 0.412028 0.559950 0.091159 0.154268
0 0.820947 0.492385 0.088956 0.105086
0 0.638470 0.601999 0.096231 0.265254
0 0.392827 0.498927 0.048859 0.082086