0 0.048585 0.674009 0.096718 0.272928
0 0.345849 0.667390 0.137210 0.326895
0 0.853704 0.680151 0.123372 0.299522
0 0.227148 0.663069 0.128132 0.335930
0 0.546892 0.670264 0.090040 0.275381
0 0.952536 0.696715 0.091804 0.264951
0 0.788639 0.649847 0.076134 0.302415
0 0.742213 0.623768 0.057113 0.175561
0 0.109857 0.704529 0.072966 0.208674
0 0.683820 0.625163 0.060452 0.168562
0 0.153799 0.675061 0.052554 0.202019
0 0.426914 0.666220 0.077089 0.241280
0 0.467684 0.587451 0.057063 0.077884
0 0.598078 0.625090 0.046410 0.165223
0 0.931351 0.586522 0.054500 0.110614
0 0.302732 0.563605 0.034919 0.045676