0 0.056848 0.632529 0.103353 0.286716
0 0.168247 0.600218 0.055468 0.207850
0 0.489271 0.568442 0.043238 0.125975
0 0.793223 0.552505 0.030136 0.102392
0 0.662727 0.563633 0.044317 0.113220
0 0.344264 0.604244 0.072023 0.179614
0 0.540558 0.570353 0.052018 0.126462
0 0.744240 0.556334 0.025881 0.086159
0 0.713293 0.566533 0.040106 0.112902
0 0.218411 0.614278 0.048472 0.191501
0 0.602236 0.575351 0.046699 0.120443
0 0.394426 0.572870 0.055912 0.216827
0 0.008450 0.597954 0.016855 0.136806
0 0.250001 0.600251 0.036151 0.176861
0 0.620719 0.533810 0.024341 0.056608