0 0.062744 0.513555 0.100745 0.296514
0 0.217744 0.476577 0.104927 0.238735
0 0.134148 0.514651 0.063036 0.248632
0 0.334936 0.499819 0.084629 0.203028
0 0.456921 0.476218 0.038753 0.102750
0 0.625530 0.485747 0.047643 0.130027
0 0.516563 0.477691 0.031363 0.098633
0 0.490263 0.471345 0.030747 0.105451
0 0.960445 0.525669 0.074102 0.109895
0 0.279814 0.468025 0.033913 0.100515
0 0.771040 0.483627 0.043419 0.133471
0 0.538584 0.481779 0.026287 0.091296
0 0.822345 0.479710 0.036786 0.126266
0 0.799426 0.484058 0.032538 0.122582
0 0.601327 0.477453 0.028746 0.114578
0 0.382903 0.457621 0.023762 0.081139