0 0.734705 0.661691 0.098189 0.236332
0 0.594087 0.654771 0.070729 0.190964
0 0.908902 0.672354 0.061832 0.174872
0 0.022892 0.650852 0.045562 0.255714
0 0.829606 0.662929 0.077783 0.188398
0 0.981026 0.656906 0.034823 0.187818
0 0.424540 0.624282 0.043823 0.112708
0 0.638952 0.634135 0.034556 0.107689
0 0.949187 0.684099 0.032390 0.124557
0 0.200835 0.611549 0.025185 0.078361
0 0.470458 0.616190 0.028479 0.107385
0 0.138809 0.641564 0.067609 0.090154
0 0.062689 0.643760 0.054943 0.182839
0 0.114253 0.632487 0.049899 0.135877
0 0.160906 0.615240 0.028099 0.095499