0 0.043672 0.514466 0.086718 0.410242
0 0.304185 0.534710 0.146101 0.422958
0 0.516159 0.492254 0.045541 0.155462
0 0.562768 0.491869 0.052914 0.164372
0 0.213129 0.490099 0.063519 0.175825
0 0.116494 0.479803 0.074151 0.233372
0 0.884558 0.609995 0.227759 0.407165
0 0.425232 0.476245 0.057194 0.156929
0 0.663757 0.511562 0.049096 0.160438
0 0.166454 0.446841 0.038389 0.118643
0 0.367483 0.446371 0.043496 0.118979
0 0.797390 0.476039 0.049084 0.075277
0 0.460310 0.469445 0.022046 0.092975
0 0.655034 0.465852 0.043265 0.134913