0 0.079856 0.591261 0.056204 0.180159
0 0.242337 0.602714 0.054401 0.172082
0 0.185549 0.592418 0.056230 0.179281
0 0.755600 0.608050 0.065314 0.179461
0 0.133157 0.597196 0.058063 0.166821
0 0.463384 0.598988 0.061504 0.195156
0 0.329009 0.608122 0.062653 0.176663
0 0.635288 0.605728 0.057744 0.174058
0 0.579892 0.595946 0.057400 0.177912
0 0.402592 0.600280 0.060658 0.191352
0 0.792469 0.601588 0.050426 0.175348
0 0.537203 0.599157 0.045429 0.171639
0 0.858232 0.600810 0.046338 0.175681
0 0.282021 0.597736 0.035878 0.177083
0 0.888004 0.595963 0.046563 0.159946
0 0.693880 0.604395 0.061579 0.183131