0 0.852651 0.622033 0.105967 0.258503
0 0.032839 0.587246 0.052214 0.153747
0 0.536304 0.603484 0.051381 0.138506
0 0.646295 0.593976 0.062906 0.147689
0 0.609319 0.577391 0.044239 0.117016
0 0.241532 0.613616 0.080329 0.129058
0 0.184690 0.617511 0.077570 0.142988
0 0.288094 0.607023 0.070130 0.121679
0 0.385042 0.591580 0.068649 0.083832
0 0.577650 0.562550 0.032893 0.121915
0 0.354234 0.599925 0.073413 0.102793
0 0.678789 0.597746 0.042381 0.143390
0 0.795059 0.570746 0.027513 0.081990
0 0.819614 0.573191 0.026765 0.082669
0 0.978948 0.569595 0.023297 0.070511
0 0.541559 0.531045 0.033780 0.056712