0 0.731549 0.580009 0.100688 0.250671
0 0.412702 0.669074 0.085526 0.150438
0 0.329843 0.661429 0.088291 0.167377
0 0.585335 0.573210 0.063876 0.208753
0 0.671134 0.655108 0.097664 0.164019
0 0.314956 0.584952 0.075825 0.178243
0 0.497896 0.663598 0.068303 0.139694
0 0.572567 0.646178 0.077200 0.139850
0 0.471973 0.585196 0.051877 0.196691
0 0.410822 0.569668 0.062968 0.131499
0 0.522509 0.584467 0.055549 0.190846
0 0.641318 0.581356 0.067437 0.223145
0 0.365314 0.578981 0.050285 0.145996
0 0.445217 0.566139 0.032296 0.133602