0 0.755287 0.581814 0.133470 0.198709
0 0.615671 0.565529 0.094670 0.243397
0 0.067966 0.541941 0.056788 0.133916
0 0.116340 0.557973 0.082105 0.128154
0 0.899755 0.581973 0.105108 0.181929
0 0.482683 0.516360 0.060972 0.082523
0 0.224487 0.503796 0.066932 0.094293
0 0.841042 0.518645 0.051685 0.077729
0 0.688204 0.520380 0.073130 0.145566
0 0.408657 0.520575 0.081558 0.080778
0 0.753323 0.502171 0.059649 0.099323
0 0.269829 0.541546 0.107485 0.136669
0 0.513045 0.543465 0.099609 0.111490
0 0.514396 0.597935 0.094679 0.217317