0 0.462746 0.639553 0.131992 0.280891
0 0.204372 0.667313 0.138961 0.224483
0 0.717739 0.699291 0.211961 0.161041
0 0.913613 0.646351 0.142681 0.267548
0 0.037227 0.662539 0.073922 0.231748
0 0.625962 0.644876 0.131502 0.256586
0 0.377237 0.642549 0.102551 0.273935
0 0.524410 0.646364 0.088873 0.266613
0 0.806442 0.612480 0.100675 0.281543
0 0.137285 0.658900 0.087057 0.241821
0 0.732376 0.553780 0.081226 0.214080
0 0.327978 0.579816 0.077207 0.217795
0 0.909881 0.506901 0.067294 0.109624
0 0.968675 0.538514 0.052465 0.117441
0 0.125092 0.539577 0.075951 0.130624