0 0.273504 0.760076 0.030267 0.106390
0 0.458918 0.747159 0.033556 0.093031
0 0.426501 0.750405 0.026377 0.079796
0 0.304484 0.758489 0.040904 0.112810
0 0.492120 0.750306 0.043912 0.092493
0 0.818613 0.738165 0.020430 0.058238
0 0.755514 0.735030 0.022090 0.055031
0 0.798184 0.737773 0.021636 0.056082
0 0.223876 0.737372 0.023753 0.061443
0 0.772334 0.737224 0.017768 0.054451
0 0.171057 0.743830 0.020832 0.054726
0 0.844571 0.731619 0.018908 0.039905
0 0.205141 0.732747 0.020119 0.049943
0 0.779100 0.738284 0.014563 0.051269