0 0.640389 0.751134 0.112537 0.162111
0 0.961965 0.620940 0.046565 0.120811
0 0.068337 0.768631 0.091215 0.128449
0 0.228830 0.790884 0.092808 0.084323
0 0.398384 0.738525 0.053265 0.171383
0 0.132825 0.794681 0.086106 0.076016
0 0.566944 0.759726 0.065226 0.145593
0 0.357552 0.712813 0.047118 0.167759
0 0.730261 0.649867 0.035903 0.120514
0 0.494127 0.727622 0.061757 0.173028
0 0.210601 0.731423 0.062208 0.154483
0 0.601336 0.684535 0.043627 0.076990
0 0.141100 0.759412 0.073775 0.117186
0 0.429546 0.715024 0.040445 0.169038
0 0.676201 0.703254 0.047588 0.098432