0 0.200858 0.666489 0.150350 0.224916
0 0.418795 0.569779 0.190547 0.419896
0 0.323541 0.601277 0.109108 0.311656
0 0.545617 0.597771 0.097448 0.347124
0 0.894773 0.555053 0.056966 0.167184
0 0.666779 0.576273 0.176507 0.404111
0 0.204952 0.513388 0.050586 0.115116
0 0.076254 0.570800 0.151754 0.409679
0 0.835664 0.526909 0.044911 0.114843
0 0.780923 0.565222 0.074075 0.202342
0 0.959785 0.510446 0.051729 0.077414
0 0.255962 0.508214 0.053148 0.128102
0 0.742244 0.617358 0.111765 0.309908
0 0.158591 0.536131 0.045072 0.140355