0 0.958518 0.577577 0.051962 0.208742
0 0.210878 0.553471 0.050306 0.133110
0 0.361385 0.538418 0.036888 0.096350
0 0.738639 0.592391 0.061832 0.203334
0 0.657157 0.569835 0.046714 0.152336
0 0.235865 0.533918 0.045091 0.116208
0 0.411653 0.536894 0.038019 0.103007
0 0.622995 0.558865 0.041338 0.130844
0 0.473697 0.532451 0.033681 0.095908
0 0.588422 0.532911 0.029626 0.092449
0 0.835284 0.576612 0.064798 0.159531
0 0.545910 0.537834 0.029900 0.077034
0 0.435283 0.533346 0.025824 0.091390
0 0.504552 0.527281 0.021092 0.065156