0 0.776818 0.508792 0.071672 0.191620
0 0.706242 0.536937 0.102504 0.247211
0 0.591339 0.521770 0.079037 0.216687
0 0.864216 0.549223 0.142393 0.291124
0 0.466214 0.513185 0.058176 0.187516
0 0.364575 0.503642 0.053538 0.163101
0 0.646034 0.507025 0.071712 0.156112
0 0.216226 0.486774 0.037390 0.123327
0 0.255925 0.492413 0.044549 0.132982
0 0.312973 0.493597 0.057551 0.156701
0 0.523539 0.493883 0.042075 0.142764
0 0.177367 0.484328 0.036020 0.108333
0 0.932280 0.517046 0.074189 0.213462
0 0.135718 0.481638 0.036518 0.102782