0 0.869909 0.663341 0.038917 0.119050
0 0.536630 0.692343 0.040536 0.129425
0 0.607783 0.664743 0.038166 0.103627
0 0.567698 0.671499 0.032993 0.109655
0 0.645251 0.665334 0.033094 0.101330
0 0.206448 0.668546 0.034432 0.092559
0 0.159963 0.668879 0.028038 0.094807
0 0.267360 0.665188 0.032552 0.091412
0 0.506754 0.676715 0.032627 0.122754
0 0.817022 0.647922 0.036183 0.082561
0 0.697726 0.646774 0.018624 0.051484
0 0.341164 0.667878 0.027385 0.078806
0 0.431370 0.664249 0.032738 0.085079
0 0.408542 0.657420 0.022417 0.076742