0 0.085804 0.602852 0.147126 0.314167
0 0.241761 0.658327 0.109514 0.208618
0 0.424044 0.628904 0.096360 0.269172
0 0.943935 0.634435 0.092003 0.178178
0 0.854847 0.598555 0.076038 0.179735
0 0.799463 0.600145 0.067891 0.181315
0 0.313564 0.617478 0.061988 0.186900
0 0.703235 0.588969 0.050633 0.128412
0 0.227017 0.563133 0.071106 0.117507
0 0.576765 0.607298 0.052049 0.135360
0 0.758123 0.596460 0.048761 0.109874
0 0.649958 0.596091 0.045198 0.126545
0 0.163693 0.605612 0.047768 0.183024
0 0.610894 0.601444 0.035668 0.118157