0 0.893849 0.577091 0.064953 0.116214
0 0.765004 0.504762 0.062583 0.084425
0 0.839736 0.524591 0.057584 0.097610
0 0.436436 0.594513 0.041182 0.093926
0 0.763180 0.629428 0.048199 0.120308
0 0.703952 0.523761 0.039640 0.101810
0 0.474800 0.496464 0.039121 0.082778
0 0.548242 0.494088 0.038131 0.089377
0 0.077428 0.357945 0.025478 0.066150
0 0.654103 0.412453 0.042075 0.076056
0 0.761633 0.274893 0.027796 0.072358
0 0.325630 0.592664 0.062818 0.098401
0 0.702728 0.299270 0.033831 0.070769
0 0.369368 0.318104 0.040198 0.044147
0 0.872877 0.293075 0.029588 0.066080
0 0.386648 0.406772 0.033795 0.055186
0 0.173769 0.343145 0.034179 0.067531
0 0.408973 0.438256 0.043883 0.068526
0 0.152520 0.395781 0.037155 0.069165
0 0.604104 0.408870 0.035408 0.086894