0 0.897391 0.583408 0.202093 0.376820
0 0.404352 0.614287 0.157812 0.320757
0 0.195558 0.643239 0.177242 0.240372
0 0.286467 0.499763 0.147819 0.242767
0 0.300684 0.660711 0.090994 0.201548
0 0.856698 0.478014 0.095283 0.174682
0 0.698761 0.623786 0.174037 0.297612
0 0.438522 0.481354 0.085226 0.145065
0 0.564389 0.649012 0.167832 0.249688
0 0.338481 0.395880 0.133060 0.140685
0 0.382975 0.396159 0.059246 0.056130
0 0.492079 0.437444 0.069545 0.129214
0 0.494634 0.530086 0.074339 0.191436
0 0.758067 0.567594 0.125060 0.408353