0 0.377832 0.565108 0.087975 0.222215
0 0.228659 0.584670 0.095111 0.285417
0 0.658400 0.556378 0.067111 0.183805
0 0.116926 0.546718 0.081719 0.211122
0 0.532064 0.537795 0.053028 0.137660
0 0.578802 0.528275 0.058096 0.160278
0 0.273429 0.536793 0.040442 0.142632
0 0.466800 0.507314 0.024328 0.065541
0 0.940036 0.508865 0.016304 0.056254
0 0.495428 0.506915 0.023566 0.067022
0 0.190597 0.556197 0.035374 0.215363
0 0.972116 0.504539 0.018340 0.045262
0 0.425493 0.516585 0.027739 0.095299
0 0.874757 0.521591 0.033908 0.059576
0 0.447146 0.503662 0.022719 0.068870