0 0.099289 0.570934 0.071918 0.185020
0 0.231420 0.567364 0.028876 0.096795
0 0.420249 0.573393 0.035889 0.092945
0 0.260388 0.568639 0.030635 0.098697
0 0.621298 0.566844 0.032512 0.096936
0 0.666805 0.567252 0.029879 0.088509
0 0.900213 0.500352 0.196449 0.537671
0 0.294064 0.570330 0.027308 0.089110
0 0.539950 0.570947 0.030896 0.092728
0 0.357167 0.573045 0.031823 0.095545
0 0.389911 0.570804 0.023537 0.066405
0 0.692498 0.565813 0.022327 0.082820
0 0.641140 0.569065 0.023795 0.087632
0 0.581507 0.570577 0.028627 0.093404