0 0.951937 0.533648 0.093002 0.198353
0 0.585037 0.525220 0.086728 0.226919
0 0.083108 0.546152 0.071478 0.279538
0 0.821430 0.535752 0.060195 0.222194
0 0.460697 0.554417 0.069425 0.267699
0 0.199005 0.514756 0.060266 0.193860
0 0.784927 0.515318 0.046495 0.155176
0 0.654555 0.537810 0.076854 0.219096
0 0.139192 0.514146 0.070553 0.247982
0 0.360864 0.503413 0.047281 0.142850
0 0.728517 0.521445 0.039524 0.173306
0 0.702845 0.521152 0.047884 0.187605
0 0.246298 0.493554 0.036185 0.116812
0 0.422191 0.497163 0.045557 0.175983
0 0.887326 0.497987 0.037020 0.087591
0 0.918862 0.503003 0.032817 0.105569