0 0.866256 0.690018 0.178054 0.362483
0 0.668638 0.695743 0.134712 0.348374
0 0.467190 0.621869 0.087272 0.240698
0 0.732072 0.662091 0.110813 0.293461
0 0.539884 0.606500 0.074560 0.235790
0 0.127117 0.495697 0.040608 0.119944
0 0.341124 0.534840 0.064001 0.165323
0 0.435310 0.543162 0.053556 0.167514
0 0.633926 0.632434 0.099113 0.292028
0 0.809626 0.636825 0.063037 0.248500
0 0.183991 0.499017 0.038744 0.115587
0 0.379704 0.542092 0.054361 0.139454
0 0.082647 0.479290 0.047387 0.107463
0 0.256498 0.493447 0.041640 0.123649