0 0.480595 0.696560 0.147379 0.350525
0 0.853030 0.706056 0.186432 0.329340
0 0.735252 0.734597 0.124738 0.278761
0 0.104471 0.701606 0.102610 0.340481
0 0.261814 0.665308 0.072755 0.207902
0 0.027430 0.679673 0.054430 0.313773
0 0.568315 0.658408 0.046198 0.150543
0 0.613698 0.662575 0.048051 0.153249
0 0.326632 0.633837 0.034758 0.098694
0 0.218609 0.645672 0.032497 0.131185
0 0.181151 0.631040 0.023109 0.058494
0 0.377043 0.639148 0.032201 0.108801
0 0.349898 0.646851 0.033594 0.102165
0 0.411256 0.652633 0.037042 0.136377
0 0.296589 0.629614 0.031883 0.092319
0 0.917694 0.636365 0.022474 0.060747