0 0.713328 0.612849 0.099829 0.260421
0 0.966458 0.590384 0.049188 0.169599
0 0.632479 0.621260 0.094129 0.242518
0 0.203439 0.577317 0.044667 0.138516
0 0.887235 0.575550 0.040132 0.167435
0 0.020162 0.558392 0.027540 0.065183
0 0.393516 0.565514 0.030809 0.105810
0 0.262123 0.562267 0.032921 0.088323
0 0.232163 0.559392 0.026741 0.098778
0 0.454402 0.558664 0.034379 0.107752
0 0.141126 0.544401 0.022717 0.051713
0 0.347783 0.560923 0.028382 0.073256
0 0.372915 0.560331 0.020899 0.067686
0 0.812965 0.529756 0.050359 0.087730
0 0.168242 0.548543 0.017804 0.048351