0 0.668591 0.578828 0.153559 0.390277
0 0.414996 0.532068 0.136519 0.216560
0 0.787816 0.538146 0.129215 0.460738
0 0.190112 0.734097 0.379581 0.123547
0 0.562935 0.514860 0.139845 0.249619
0 0.076811 0.499390 0.079544 0.133249
0 0.215603 0.556487 0.192336 0.320984
0 0.890487 0.478412 0.048206 0.077891
0 0.318769 0.534159 0.140254 0.250998
0 0.973969 0.483035 0.026160 0.071538
0 0.950068 0.482513 0.025311 0.075831
0 0.929941 0.482996 0.026026 0.068958
0 0.523264 0.483694 0.052900 0.158395
0 0.858461 0.479554 0.030225 0.076011