0 0.784860 0.613930 0.054161 0.115161
0 0.017225 0.642089 0.034194 0.151197
0 0.912661 0.640359 0.047145 0.152137
0 0.468578 0.636347 0.050236 0.130443
0 0.873932 0.650268 0.046164 0.139791
0 0.131204 0.651291 0.069288 0.190811
0 0.431567 0.630683 0.037779 0.128347
0 0.697575 0.631607 0.058026 0.115200
0 0.954659 0.613444 0.042967 0.112521
0 0.984357 0.614222 0.028160 0.094625
0 0.559657 0.626224 0.029385 0.104518
0 0.324697 0.622911 0.053801 0.137599
0 0.224604 0.628388 0.031108 0.138521
0 0.602352 0.610466 0.023049 0.108572
0 0.078276 0.642423 0.033004 0.126512
0 0.677946 0.610468 0.020557 0.095672
0 0.654847 0.612696 0.034658 0.094178
0 0.282811 0.628109 0.031236 0.067802