0 0.943129 0.396460 0.102754 0.291848
0 0.157143 0.348304 0.195007 0.259213
0 0.231585 0.575375 0.336849 0.398732
0 0.476558 0.351662 0.103276 0.264083
0 0.028299 0.418388 0.055897 0.369150
0 0.865074 0.406428 0.093562 0.288561
0 0.280910 0.374381 0.084495 0.322172
0 0.718356 0.388879 0.029712 0.079756
0 0.371132 0.377035 0.068351 0.166133
0 0.665359 0.387835 0.030081 0.086028
0 0.499190 0.445809 0.155489 0.160359
0 0.537159 0.548810 0.395351 0.264141
0 0.694365 0.383484 0.025665 0.068329
0 0.734120 0.380182 0.013118 0.045445
0 0.635653 0.395671 0.022056 0.081577