0 0.346894 0.677840 0.088370 0.237921
0 0.771984 0.614066 0.059741 0.132027
0 0.594448 0.606558 0.058013 0.146552
0 0.875245 0.597901 0.047213 0.125152
0 0.106217 0.571313 0.032400 0.056886
0 0.536910 0.601059 0.043198 0.149664
0 0.949532 0.586818 0.043678 0.080116
0 0.227382 0.580194 0.023236 0.058902
0 0.041959 0.575350 0.025853 0.064618
0 0.482490 0.583763 0.025565 0.078730
0 0.014745 0.578271 0.029489 0.059877
0 0.457977 0.580713 0.025303 0.071119
0 0.435196 0.580433 0.024336 0.069842
0 0.288356 0.576839 0.037813 0.080429
0 0.509642 0.574741 0.026364 0.073913
0 0.661828 0.591849 0.025562 0.063314