0 0.237270 0.463063 0.160869 0.360748
0 0.085976 0.412890 0.139260 0.249130
0 0.317649 0.466771 0.180139 0.377788
0 0.562776 0.517185 0.172041 0.380876
0 0.369928 0.407275 0.131567 0.265983
0 0.849378 0.398486 0.118754 0.250716
0 0.954322 0.429738 0.088231 0.310042
0 0.434951 0.360782 0.066617 0.175053
0 0.493561 0.416366 0.075227 0.282190
0 0.714604 0.388176 0.105667 0.226884
0 0.133329 0.370853 0.069500 0.181876
0 0.558137 0.316639 0.084566 0.082871
0 0.644142 0.375803 0.081013 0.202400
0 0.016140 0.364565 0.032068 0.150807
0 0.029532 0.457257 0.058596 0.331038
0 0.972908 0.470826 0.051059 0.373288
0 0.792668 0.349045 0.092937 0.147851
0 0.646855 0.313032 0.087546 0.075943