0 0.975629 0.634016 0.045616 0.158177
0 0.729752 0.592498 0.069428 0.225761
0 0.186619 0.598401 0.047062 0.150998
0 0.649820 0.588484 0.060363 0.221913
0 0.137512 0.553020 0.066436 0.258822
0 0.910008 0.638429 0.044048 0.121015
0 0.317938 0.621618 0.034218 0.097433
0 0.025255 0.580305 0.050275 0.182109
0 0.682539 0.582340 0.059965 0.229813
0 0.277218 0.612941 0.032450 0.106823
0 0.775428 0.643288 0.032603 0.095065
0 0.244625 0.623128 0.028152 0.081530
0 0.054755 0.599519 0.034923 0.132425
0 0.871020 0.650003 0.033382 0.079094
0 0.083733 0.605984 0.029228 0.120529
0 0.361510 0.639444 0.019531 0.059871