0 0.154644 0.644413 0.052477 0.136507
0 0.033688 0.708334 0.066996 0.147033
0 0.965215 0.626482 0.032980 0.096166
0 0.456207 0.639122 0.053061 0.119332
0 0.862899 0.619917 0.025785 0.074018
0 0.771219 0.624730 0.028524 0.075618
0 0.749144 0.626149 0.027249 0.075465
0 0.708726 0.628109 0.031702 0.091609
0 0.414931 0.623590 0.035212 0.090846
0 0.633478 0.616436 0.021395 0.061018
0 0.836066 0.617735 0.024817 0.076357
0 0.988594 0.619287 0.019687 0.083724
0 0.919964 0.609963 0.019997 0.059338
0 0.939776 0.614773 0.023555 0.074453
0 0.654794 0.613713 0.019933 0.060765
0 0.521691 0.616330 0.027440 0.077580
0 0.548906 0.639213 0.044539 0.121065