0 0.415041 0.576218 0.388482 0.500345
0 0.614430 0.572753 0.158341 0.486315
0 0.912189 0.528890 0.091477 0.278381
0 0.693863 0.603280 0.109065 0.397558
0 0.145216 0.553593 0.080450 0.233410
0 0.064809 0.575762 0.080525 0.276395
0 0.225423 0.532458 0.068943 0.242566
0 0.528605 0.503728 0.045864 0.193405
0 0.947154 0.506759 0.047473 0.184527
0 0.021018 0.560299 0.040916 0.190777
0 0.781514 0.559774 0.050018 0.162764
0 0.983624 0.581620 0.029627 0.318788
0 0.187957 0.540327 0.035139 0.163397
0 0.831216 0.497295 0.035337 0.140564
0 0.982062 0.508822 0.032751 0.167175
0 0.859069 0.502424 0.043108 0.143216
0 0.802336 0.477820 0.032305 0.105374