0 0.856123 0.724850 0.035709 0.107644
0 0.176132 0.717816 0.022231 0.072274
0 0.679548 0.717787 0.024033 0.070082
0 0.634015 0.709506 0.017756 0.055603
0 0.651905 0.719289 0.021409 0.064275
0 0.129893 0.714076 0.030053 0.074562
0 0.045762 0.720438 0.041677 0.094643
0 0.250439 0.710829 0.023457 0.058914
0 0.773855 0.720402 0.034094 0.078102
0 0.193337 0.710597 0.018209 0.053222
0 0.278758 0.709726 0.016909 0.050967
0 0.616534 0.712323 0.017920 0.048771
0 0.804941 0.708670 0.022374 0.058808
0 0.573551 0.714184 0.015428 0.043831
0 0.739390 0.707998 0.023806 0.060780