0 0.078807 0.700089 0.055719 0.129879
0 0.966438 0.731095 0.042949 0.101188
0 0.692150 0.726083 0.073578 0.107820
0 0.806058 0.722314 0.034918 0.094553
0 0.022829 0.676327 0.026064 0.080119
0 0.279773 0.695453 0.041335 0.093120
0 0.510956 0.729976 0.042146 0.104337
0 0.451856 0.721740 0.036149 0.119930
0 0.422979 0.696384 0.029031 0.086369
0 0.933750 0.738816 0.044070 0.085144
0 0.392851 0.696701 0.027747 0.079508
0 0.566640 0.703887 0.027031 0.071955
0 0.010087 0.721089 0.020079 0.115073
0 0.479462 0.725520 0.031130 0.109508
0 0.177488 0.694648 0.032125 0.065545
0 0.904447 0.734081 0.030507 0.084407
0 0.526239 0.702979 0.028432 0.074518