0 0.805665 0.599976 0.151555 0.398145
0 0.338261 0.619463 0.095576 0.366426
0 0.630567 0.568014 0.108696 0.400693
0 0.460312 0.574460 0.131234 0.384444
0 0.701674 0.571476 0.087140 0.352485
0 0.538626 0.583865 0.079123 0.304363
0 0.061326 0.492147 0.027130 0.065543
0 0.114813 0.487014 0.019710 0.055283
0 0.031340 0.495607 0.021978 0.066205
0 0.165373 0.486675 0.016034 0.045903
0 0.441659 0.446226 0.104512 0.109614
0 0.139153 0.488016 0.020546 0.048686
0 0.086509 0.488632 0.022335 0.063347
0 0.194392 0.483558 0.015072 0.041459