0 0.125182 0.546212 0.114189 0.333866
0 0.235476 0.560441 0.135842 0.435931
0 0.042980 0.554763 0.085402 0.429472
0 0.817885 0.487634 0.057035 0.193076
0 0.460332 0.491545 0.088138 0.194296
0 0.747812 0.498981 0.069660 0.180718
0 0.590869 0.489206 0.053828 0.163391
0 0.667293 0.489665 0.053281 0.178426
0 0.633352 0.477243 0.039371 0.156117
0 0.546226 0.473572 0.039283 0.133762
0 0.790161 0.527866 0.044576 0.108503
0 0.419406 0.469646 0.034157 0.144464
0 0.567132 0.466037 0.029062 0.130043
0 0.285375 0.495204 0.058687 0.298771