0 0.933003 0.630001 0.130869 0.398178
0 0.557177 0.621327 0.133205 0.417514
0 0.046099 0.654350 0.091439 0.348466
0 0.304826 0.669407 0.189769 0.318080
0 0.442401 0.673230 0.162529 0.314053
0 0.126757 0.638820 0.138608 0.370024
0 0.870242 0.671292 0.135849 0.314825
0 0.629153 0.662348 0.146398 0.331917
0 0.745634 0.666855 0.217079 0.318613
0 0.734877 0.486097 0.144001 0.129764
0 0.410215 0.541287 0.079772 0.167542
0 0.199514 0.650496 0.156174 0.357137
0 0.381537 0.526905 0.027741 0.040805
0 0.357588 0.529407 0.032114 0.054690