0 0.360190 0.560777 0.180876 0.432144
0 0.675406 0.545429 0.176089 0.377100
0 0.253610 0.511350 0.107973 0.353352
0 0.082495 0.541475 0.130278 0.357484
0 0.872302 0.549127 0.135385 0.376362
0 0.955950 0.529802 0.084975 0.363763
0 0.479409 0.511809 0.098606 0.350529
0 0.738767 0.523289 0.085431 0.314396
0 0.140976 0.480091 0.068403 0.213981
0 0.813629 0.471557 0.047079 0.163860
0 0.188509 0.471447 0.036844 0.138602
0 0.542237 0.481867 0.048166 0.182142
0 0.588564 0.467541 0.044481 0.202464
0 0.015724 0.492591 0.031408 0.220095
0 0.416576 0.406622 0.037331 0.059891
0 0.785739 0.447951 0.035868 0.123870