0 0.138278 0.549325 0.200935 0.557931
0 0.368835 0.416230 0.140758 0.393612
0 0.835731 0.371670 0.084489 0.162858
0 0.255396 0.471838 0.162472 0.383443
0 0.507221 0.388353 0.092579 0.338728
0 0.625530 0.402753 0.099528 0.298171
0 0.053849 0.373083 0.105227 0.351807
0 0.951050 0.285465 0.051736 0.113356
0 0.247742 0.283669 0.070670 0.153266
0 0.445654 0.398706 0.074596 0.287405
0 0.548528 0.369647 0.069637 0.296854
0 0.718970 0.299823 0.045663 0.136381
0 0.181673 0.284229 0.061756 0.130315
0 0.783905 0.296827 0.036961 0.093497
0 0.743965 0.281172 0.034462 0.100379
0 0.316715 0.394450 0.078827 0.383198