0 0.658289 0.649684 0.100523 0.234318
0 0.954216 0.703643 0.088442 0.185481
0 0.310290 0.574712 0.055413 0.167194
0 0.823797 0.682439 0.088533 0.231627
0 0.073778 0.710749 0.145573 0.177234
0 0.017095 0.621834 0.033879 0.206371
0 0.961371 0.569654 0.072996 0.138813
0 0.101057 0.544030 0.050743 0.136229
0 0.413001 0.582600 0.071533 0.176137
0 0.226304 0.531509 0.070108 0.128468
0 0.569949 0.519276 0.034671 0.099212
0 0.767104 0.510968 0.035756 0.095923
0 0.534169 0.521330 0.037683 0.092776
0 0.617225 0.521346 0.031123 0.092548
0 0.649898 0.504683 0.032720 0.083746
0 0.875721 0.541821 0.047342 0.134590
0 0.726834 0.503179 0.026524 0.082349
0 0.165861 0.505969 0.033413 0.089292
0 0.278391 0.555716 0.043173 0.145483