0 0.572075 0.575546 0.044665 0.153397
0 0.881851 0.525747 0.030824 0.077529
0 0.349500 0.561086 0.051016 0.141798
0 0.657918 0.542296 0.073276 0.097937
0 0.603053 0.545262 0.041889 0.115948
0 0.845040 0.535597 0.029077 0.098504
0 0.509338 0.538390 0.026679 0.093260
0 0.159588 0.585497 0.066042 0.162593
0 0.810200 0.554424 0.062280 0.127170
0 0.404646 0.546502 0.043132 0.129894
0 0.716139 0.538638 0.040360 0.101037
0 0.425966 0.540246 0.022668 0.083371
0 0.231829 0.531334 0.025047 0.083573
0 0.539350 0.563789 0.039413 0.140593
0 0.991892 0.526331 0.013092 0.095580
0 0.269043 0.514383 0.020646 0.050954
0 0.074597 0.598426 0.085418 0.198742