0 0.898387 0.541264 0.200101 0.470885
0 0.507392 0.521725 0.067867 0.236150
0 0.209889 0.554639 0.152160 0.441324
0 0.610903 0.487926 0.023946 0.065953
0 0.570066 0.487022 0.022891 0.063769
0 0.677420 0.488437 0.026439 0.072919
0 0.293303 0.570606 0.221072 0.406765
0 0.655504 0.486316 0.028001 0.078963
0 0.975444 0.324036 0.045987 0.059450
0 0.636047 0.475967 0.020590 0.061561
0 0.379881 0.487029 0.081644 0.180226
0 0.465164 0.484289 0.029785 0.073811
0 0.439230 0.488542 0.021566 0.057175
0 0.352114 0.581264 0.133728 0.391618
0 0.718866 0.459736 0.015421 0.036569
0 0.416396 0.487225 0.020655 0.053383