0 0.031803 0.451894 0.063475 0.210868
0 0.357753 0.452340 0.048116 0.170824
0 0.917948 0.680388 0.160978 0.369301
0 0.821747 0.521149 0.111550 0.303126
0 0.118915 0.383663 0.030744 0.081843
0 0.658850 0.544244 0.115524 0.344959
0 0.151537 0.385538 0.029389 0.072336
0 0.253517 0.404308 0.032664 0.112567
0 0.282730 0.409815 0.034345 0.093732
0 0.075864 0.379764 0.022749 0.056490
0 0.372131 0.380920 0.029506 0.070379
0 0.202015 0.391220 0.017313 0.068118
0 0.177554 0.380617 0.022713 0.074353
0 0.224783 0.399138 0.032616 0.089628