0 0.864338 0.542904 0.095531 0.270180
0 0.674701 0.556820 0.062497 0.144959
0 0.780293 0.547663 0.081840 0.250176
0 0.071432 0.546716 0.050532 0.143409
0 0.126050 0.546844 0.043942 0.144970
0 0.426731 0.551422 0.020242 0.059937
0 0.595987 0.550700 0.032018 0.083402
0 0.625970 0.550422 0.027265 0.089668
0 0.379312 0.553186 0.015627 0.049857
0 0.351529 0.553350 0.019765 0.059814
0 0.514553 0.552312 0.020498 0.056654
0 0.466354 0.554182 0.017932 0.051028
0 0.491465 0.553647 0.016088 0.039283
0 0.407337 0.550917 0.019288 0.059295
0 0.393887 0.553494 0.015310 0.047630
0 0.990309 0.513462 0.016257 0.030019