0 0.072037 0.581333 0.143833 0.415634
0 0.279072 0.611925 0.137668 0.376005
0 0.570773 0.506961 0.089708 0.231258
0 0.181218 0.620361 0.116935 0.217777
0 0.398629 0.633345 0.133531 0.277399
0 0.652975 0.518450 0.064999 0.175791
0 0.429989 0.500766 0.079951 0.182643
0 0.939667 0.520249 0.117540 0.287837
0 0.822230 0.729594 0.133677 0.200544
0 0.331329 0.540751 0.076551 0.219382
0 0.618900 0.406118 0.057246 0.148844
0 0.680974 0.753501 0.120806 0.155227
0 0.836599 0.462872 0.058755 0.179160
0 0.767931 0.463972 0.040068 0.134820
0 0.939439 0.694349 0.117997 0.268150
0 0.507206 0.421331 0.043204 0.137009
0 0.883622 0.681153 0.076713 0.237949
0 0.027537 0.727659 0.054941 0.200764
0 0.939147 0.363394 0.050373 0.069354