0 0.510810 0.656653 0.140166 0.244971
0 0.882681 0.675825 0.100213 0.209643
0 0.962025 0.667958 0.072824 0.226856
0 0.308104 0.666057 0.147497 0.226358
0 0.172184 0.672474 0.112222 0.217245
0 0.048304 0.677030 0.096395 0.204772
0 0.664083 0.591212 0.028386 0.080462
0 0.825791 0.607943 0.046577 0.108691
0 0.432574 0.608907 0.034543 0.110342
0 0.583118 0.613907 0.046037 0.121504
0 0.378150 0.606105 0.039502 0.109606
0 0.633195 0.591400 0.027841 0.081065
0 0.732704 0.589791 0.025494 0.078709
0 0.700542 0.588204 0.024908 0.078067
0 0.266588 0.615890 0.079593 0.133210
0 0.120858 0.629643 0.060784 0.126861