0 0.573074 0.637804 0.106807 0.275338
0 0.734620 0.659143 0.100555 0.243670
0 0.972586 0.667819 0.051702 0.219777
0 0.132812 0.643069 0.107902 0.276898
0 0.679692 0.612971 0.069745 0.218836
0 0.823602 0.603468 0.068500 0.197005
0 0.500688 0.646071 0.086874 0.249269
0 0.014266 0.630583 0.028425 0.215518
0 0.427211 0.611493 0.052194 0.176272
0 0.356960 0.648973 0.089453 0.248629
0 0.224859 0.603663 0.062973 0.183516
0 0.070552 0.633278 0.053042 0.220574
0 0.283214 0.572086 0.044208 0.129354
0 0.644954 0.585275 0.035718 0.157365
0 0.189197 0.585643 0.040693 0.153326
0 0.324741 0.605840 0.049341 0.181963