0 0.940729 0.602845 0.115417 0.332774
0 0.041892 0.524335 0.082950 0.509356
0 0.630562 0.607645 0.083272 0.261515
0 0.767269 0.591837 0.090674 0.277134
0 0.510440 0.609853 0.071967 0.188177
0 0.184466 0.601904 0.075947 0.183294
0 0.449777 0.598045 0.074556 0.202901
0 0.102888 0.590248 0.056860 0.203111
0 0.318410 0.594242 0.049984 0.142236
0 0.365522 0.597712 0.043957 0.133713
0 0.411067 0.596635 0.038448 0.147973
0 0.683769 0.593066 0.038121 0.141195
0 0.267209 0.579271 0.020916 0.066844
0 0.294187 0.588982 0.028675 0.116350
0 0.580849 0.599202 0.038214 0.116138