0 0.080321 0.688480 0.034531 0.100521
0 0.123420 0.688536 0.031056 0.092809
0 0.475778 0.696516 0.053256 0.124437
0 0.968099 0.703428 0.060678 0.152084
0 0.182526 0.689568 0.035208 0.088411
0 0.687025 0.699753 0.070419 0.162367
0 0.529025 0.703278 0.041890 0.118188
0 0.292567 0.688601 0.032362 0.070797
0 0.859847 0.726878 0.063641 0.107827
0 0.405633 0.689088 0.036445 0.109564
0 0.621531 0.703341 0.044496 0.138023
0 0.898002 0.709824 0.052664 0.141177
0 0.573465 0.703432 0.037297 0.124858
0 0.155383 0.681457 0.030838 0.097690
0 0.769044 0.704560 0.046452 0.142762
0 0.378727 0.684440 0.027294 0.082947