0 0.567547 0.661105 0.120860 0.362897
0 0.042064 0.530070 0.083945 0.295994
0 0.920841 0.531682 0.079263 0.246125
0 0.211362 0.573854 0.099522 0.184223
0 0.748039 0.534323 0.081178 0.244295
0 0.292204 0.586187 0.099750 0.170301
0 0.957369 0.512735 0.081172 0.272173
0 0.696611 0.577074 0.091490 0.172305
0 0.513350 0.522293 0.089533 0.255470
0 0.120442 0.588650 0.107938 0.196550
0 0.820039 0.525943 0.080175 0.246720
0 0.225770 0.463060 0.082833 0.149728
0 0.151386 0.456699 0.065419 0.195057
0 0.387970 0.591275 0.091942 0.149016
0 0.867543 0.525663 0.053443 0.233539
0 0.637231 0.513183 0.060782 0.234884
0 0.438543 0.481353 0.068589 0.157931
0 0.595099 0.474291 0.069463 0.139671
0 0.360829 0.509039 0.070230 0.172640
0 0.774095 0.435328 0.057278 0.103014
0 0.099764 0.485641 0.062380 0.205322
0 0.291783 0.476524 0.069029 0.131736
0 0.461755 0.595325 0.078055 0.148968