0 0.372227 0.725403 0.076607 0.117217
0 0.878890 0.573805 0.051748 0.049912
0 0.727380 0.694676 0.053235 0.172786
0 0.066906 0.581453 0.038275 0.073280
0 0.439332 0.732219 0.060899 0.100890
0 0.549595 0.611685 0.036792 0.135223
0 0.924826 0.571135 0.046210 0.054849
0 0.980896 0.575966 0.035082 0.044557
0 0.660852 0.607077 0.037980 0.090225
0 0.526128 0.603642 0.030546 0.123129
0 0.337970 0.613095 0.027850 0.098541
0 0.307309 0.608228 0.032171 0.085613
0 0.441736 0.607006 0.026036 0.077424
0 0.815059 0.568581 0.053003 0.057869