0 0.263084 0.618729 0.089550 0.264947
0 0.708334 0.619696 0.084971 0.248816
0 0.458930 0.626504 0.073558 0.248003
0 0.840109 0.611369 0.094874 0.209967
0 0.179424 0.620480 0.092150 0.260628
0 0.575416 0.621812 0.094098 0.258098
0 0.203558 0.470677 0.094702 0.150414
0 0.642919 0.630545 0.070086 0.247449
0 0.046040 0.618763 0.086744 0.235743
0 0.565106 0.472039 0.085227 0.133582
0 0.773378 0.614432 0.068371 0.227069
0 0.948199 0.602703 0.075742 0.195484
0 0.283878 0.476007 0.074491 0.126127
0 0.099845 0.622698 0.102666 0.253938
0 0.736394 0.484456 0.061923 0.118943
0 0.118197 0.468172 0.079887 0.110905
0 0.478315 0.469237 0.070575 0.154858
0 0.364543 0.621349 0.130172 0.283521
0 0.349632 0.462402 0.069952 0.129253
0 0.409965 0.469469 0.077426 0.130137
0 0.898483 0.607556 0.098061 0.199077
0 0.635611 0.490310 0.070302 0.119782
0 0.681369 0.487446 0.055950 0.108845
0 0.512183 0.628219 0.056420 0.257314
0 0.789710 0.487751 0.052736 0.106926
0 0.327246 0.620407 0.061549 0.268661