0 0.451580 0.516806 0.259475 0.519919
0 0.868059 0.567113 0.260757 0.415479
0 0.716459 0.547219 0.171093 0.455198
0 0.254604 0.533650 0.164874 0.486799
0 0.105264 0.549321 0.209079 0.450122
0 0.611746 0.527382 0.111260 0.405082
0 0.511820 0.411526 0.100336 0.203394
0 0.171423 0.399120 0.052773 0.119239
0 0.812144 0.466520 0.056833 0.180620
0 0.063090 0.316140 0.105885 0.082833
0 0.663482 0.387291 0.037205 0.051660
0 0.796783 0.395892 0.036231 0.044395
0 0.138890 0.364443 0.038603 0.069604
0 0.842588 0.457290 0.065155 0.160602
0 0.549983 0.386386 0.034853 0.063732