0 0.602293 0.680669 0.077437 0.199492
0 0.348006 0.621092 0.067727 0.205328
0 0.283076 0.602138 0.055767 0.140193
0 0.222171 0.589417 0.044313 0.116771
0 0.404459 0.612455 0.052767 0.200787
0 0.135416 0.592674 0.049482 0.118001
0 0.523813 0.584478 0.037011 0.096744
0 0.028068 0.589266 0.048541 0.111622
0 0.959337 0.599566 0.078201 0.156116
0 0.087439 0.576369 0.039354 0.092597
0 0.815989 0.572128 0.038464 0.116242
0 0.586046 0.572102 0.030627 0.069867
0 0.629644 0.580493 0.023968 0.085849
0 0.432522 0.570304 0.019405 0.066562
0 0.469968 0.566987 0.016611 0.046597
0 0.647057 0.585383 0.019784 0.076374