0 0.338616 0.630867 0.107947 0.297089
0 0.132536 0.618747 0.065956 0.194185
0 0.564273 0.626841 0.121839 0.303876
0 0.475871 0.629419 0.113914 0.299753
0 0.258903 0.608359 0.079882 0.230773
0 0.193117 0.625958 0.069972 0.201244
0 0.809399 0.598382 0.078436 0.216989
0 0.858199 0.601701 0.063602 0.177887
0 0.692978 0.631884 0.102299 0.299756
0 0.938190 0.604834 0.085179 0.183599
0 0.766305 0.593138 0.044309 0.178038
0 0.631562 0.610495 0.069589 0.227891
0 0.013142 0.624058 0.026031 0.208774
0 0.012080 0.574477 0.024160 0.109231
0 0.735519 0.579625 0.041637 0.184374