0 0.145251 0.622916 0.149849 0.311288
0 0.806184 0.648976 0.115289 0.261090
0 0.890868 0.634188 0.099738 0.269800
0 0.404643 0.621541 0.084831 0.276114
0 0.714560 0.658624 0.085281 0.244684
0 0.573818 0.631182 0.077740 0.290349
0 0.969549 0.603647 0.057777 0.224853
0 0.488950 0.580652 0.069782 0.187881
0 0.038490 0.560526 0.062755 0.173442
0 0.223581 0.599359 0.067220 0.272354
0 0.284066 0.573171 0.056440 0.189191
0 0.340860 0.570122 0.046361 0.174970
0 0.660756 0.551010 0.054458 0.159153
0 0.016721 0.689587 0.033443 0.160423
0 0.612969 0.557318 0.049833 0.167879