0 0.142301 0.670343 0.283522 0.396327
0 0.398203 0.754142 0.216505 0.228383
0 0.933209 0.603917 0.130456 0.321716
0 0.677468 0.688266 0.334422 0.330072
0 0.847212 0.631262 0.179010 0.303265
0 0.241285 0.653083 0.154336 0.341546
0 0.621071 0.794789 0.273012 0.155559
0 0.755212 0.670992 0.209698 0.221255
0 0.978551 0.519064 0.039773 0.112859
0 0.695353 0.495767 0.064390 0.145386
0 0.410862 0.594887 0.155579 0.189275
0 0.550792 0.540555 0.097509 0.181731
0 0.753861 0.559631 0.096771 0.169308
0 0.433908 0.512133 0.091732 0.118107