0 0.634814 0.645727 0.108352 0.307410
0 0.449911 0.650877 0.103623 0.331376
0 0.189658 0.605568 0.091476 0.243283
0 0.052684 0.591332 0.078073 0.220881
0 0.548151 0.626452 0.092836 0.240543
0 0.946424 0.620893 0.099419 0.307978
0 0.820829 0.633726 0.099957 0.295310
0 0.105275 0.632925 0.053009 0.146893
0 0.240603 0.571488 0.052356 0.185678
0 0.387797 0.546479 0.044643 0.148858
0 0.275761 0.527896 0.028130 0.101499
0 0.709272 0.599321 0.086297 0.264208
0 0.327425 0.524567 0.030565 0.115378
0 0.512863 0.575299 0.062620 0.193403
0 0.344657 0.523687 0.028715 0.085887
0 0.893584 0.516726 0.061123 0.132460