0 0.591062 0.517403 0.127698 0.315782
0 0.705053 0.512946 0.105923 0.321493
0 0.287777 0.481091 0.091991 0.293663
0 0.965167 0.505887 0.066540 0.242183
0 0.890118 0.499603 0.083436 0.245674
0 0.469567 0.495592 0.106969 0.290093
0 0.210506 0.487841 0.078170 0.271900
0 0.055326 0.417942 0.048681 0.112300
0 0.822409 0.497784 0.099900 0.261045
0 0.024749 0.412045 0.034012 0.122973
0 0.162138 0.427010 0.044779 0.124385
0 0.112015 0.401351 0.026591 0.083545
0 0.425070 0.467079 0.053122 0.166891
0 0.551836 0.477920 0.052942 0.225528
0 0.148255 0.418471 0.024324 0.102584