0 0.191324 0.554539 0.079017 0.245693
0 0.039728 0.555575 0.079323 0.198540
0 0.140801 0.553169 0.047288 0.149639
0 0.285069 0.538838 0.045237 0.134407
0 0.545773 0.536584 0.031694 0.086435
0 0.403768 0.540538 0.038494 0.111087
0 0.362672 0.540222 0.039057 0.111343
0 0.505670 0.537495 0.031189 0.087953
0 0.456194 0.535137 0.027675 0.105413
0 0.573333 0.531418 0.026490 0.086709
0 0.690694 0.526065 0.024853 0.073930
0 0.608040 0.530422 0.027791 0.067898
0 0.234824 0.550620 0.032855 0.122949
0 0.630610 0.536521 0.026914 0.093462
0 0.668546 0.526637 0.024156 0.074631
0 0.744849 0.534048 0.030742 0.105849