0 0.933285 0.679915 0.084939 0.200234
0 0.052965 0.691603 0.081435 0.172044
0 0.850722 0.685606 0.076353 0.190758
0 0.753721 0.678424 0.084877 0.204110
0 0.556998 0.689757 0.050586 0.173120
0 0.648939 0.682729 0.062631 0.150639
0 0.591992 0.686472 0.046756 0.175919
0 0.490220 0.688603 0.063866 0.178388
0 0.101816 0.689624 0.047913 0.161394
0 0.255597 0.693962 0.071998 0.173684
0 0.419302 0.674227 0.059714 0.143688
0 0.197064 0.673734 0.054494 0.156960
0 0.337302 0.691157 0.042102 0.153831
0 0.368189 0.696971 0.036440 0.093822
0 0.518201 0.696982 0.051698 0.165207
0 0.304799 0.686431 0.045662 0.174187