0 0.238808 0.660605 0.044361 0.103212
0 0.440019 0.664197 0.025803 0.065565
0 0.051054 0.661782 0.049367 0.104165
0 0.191861 0.664415 0.030642 0.086310
0 0.699813 0.666617 0.027470 0.079342
0 0.603709 0.664540 0.031005 0.082661
0 0.768005 0.665753 0.031336 0.088677
0 0.021013 0.659708 0.041774 0.108191
0 0.146698 0.658899 0.041766 0.094645
0 0.550641 0.665408 0.026443 0.082699
0 0.571538 0.664616 0.027372 0.085786
0 0.868052 0.666210 0.027219 0.075086
0 0.949471 0.664784 0.031932 0.094304
0 0.906628 0.667699 0.029998 0.082551
0 0.982452 0.668871 0.023460 0.082881
0 0.098013 0.662829 0.025609 0.073223
0 0.884784 0.667947 0.020784 0.080155
0 0.117519 0.663243 0.028677 0.086018