0 0.844320 0.599423 0.115054 0.294990
0 0.065529 0.457767 0.052115 0.132790
0 0.261694 0.509274 0.059696 0.168643
0 0.929934 0.598654 0.087970 0.259661
0 0.313372 0.486406 0.062397 0.181098
0 0.034402 0.433061 0.037021 0.120822
0 0.189872 0.449114 0.043181 0.112313
0 0.545561 0.551714 0.076798 0.208193
0 0.481085 0.494184 0.067485 0.165572
0 0.778016 0.461884 0.051974 0.137196
0 0.644549 0.511822 0.064898 0.173426
0 0.385540 0.463412 0.067582 0.136202
0 0.209076 0.446857 0.028403 0.115305
0 0.749479 0.458702 0.039361 0.142030