0 0.857794 0.748317 0.155561 0.205519
0 0.663715 0.578431 0.086082 0.195596
0 0.915780 0.645610 0.091894 0.250955
0 0.215399 0.706611 0.135185 0.211371
0 0.130111 0.639471 0.083372 0.317089
0 0.578252 0.711486 0.103909 0.203973
0 0.812093 0.642944 0.085822 0.275378
0 0.039376 0.635850 0.078450 0.358504
0 0.450185 0.630591 0.078896 0.284627
0 0.673762 0.722751 0.113011 0.193471
0 0.302219 0.642483 0.090134 0.272994
0 0.590204 0.570171 0.074138 0.166187
0 0.345000 0.617158 0.076660 0.308446
0 0.490300 0.701782 0.087657 0.188742
0 0.519914 0.590245 0.070754 0.176599
0 0.202857 0.577519 0.068810 0.147914
0 0.396152 0.606805 0.057058 0.261042
0 0.737139 0.656722 0.084930 0.306076
0 0.089342 0.641030 0.051116 0.293822
0 0.790854 0.524997 0.059164 0.107742
0 0.255809 0.588712 0.051579 0.185487
0 0.700156 0.530014 0.035062 0.057794