0 0.962946 0.619431 0.070983 0.319515
0 0.174056 0.644687 0.066912 0.156975
0 0.583400 0.628139 0.098674 0.276794
0 0.771756 0.641065 0.095420 0.252870
0 0.817136 0.638694 0.056149 0.205984
0 0.109896 0.651309 0.036046 0.101805
0 0.725200 0.635364 0.060803 0.218209
0 0.407345 0.663247 0.025182 0.073729
0 0.341004 0.656742 0.027845 0.080434
0 0.286663 0.655437 0.026970 0.090019
0 0.040583 0.663957 0.026927 0.076894
0 0.386669 0.659100 0.024232 0.080789
0 0.070600 0.660892 0.028219 0.080739
0 0.899238 0.651180 0.048401 0.107850
0 0.219352 0.671771 0.021686 0.061257
0 0.312479 0.671065 0.018755 0.050540
0 0.669774 0.639778 0.028629 0.127873