0 0.534021 0.612948 0.018512 0.063268
0 0.637839 0.615240 0.016743 0.046315
0 0.803522 0.610390 0.023949 0.076254
0 0.514415 0.613216 0.022904 0.060670
0 0.661717 0.615882 0.016657 0.049549
0 0.371857 0.615214 0.016733 0.053033
0 0.596390 0.619143 0.014056 0.033228
0 0.144648 0.622740 0.014081 0.028955
0 0.845936 0.618798 0.013780 0.026762
0 0.824224 0.612744 0.023301 0.073191
0 0.868870 0.620442 0.015511 0.029095
0 0.722651 0.618687 0.018338 0.039021
0 0.619796 0.617762 0.014096 0.042028
0 0.613071 0.618551 0.016992 0.041421