0 0.047401 0.521309 0.086344 0.330741
0 0.202574 0.529960 0.087233 0.279966
0 0.653680 0.500582 0.092753 0.337685
0 0.153400 0.575626 0.084065 0.264741
0 0.729516 0.517129 0.092346 0.273074
0 0.887045 0.524390 0.074703 0.222534
0 0.521547 0.540197 0.094021 0.339036
0 0.410925 0.537468 0.084745 0.300942
0 0.284541 0.545655 0.097794 0.285617
0 0.342016 0.495881 0.107926 0.303740
0 0.984316 0.517116 0.028242 0.239612
0 0.108599 0.568396 0.056454 0.161610
0 0.806304 0.519269 0.068217 0.206135
0 0.577624 0.509180 0.065115 0.282711
0 0.922232 0.498301 0.045748 0.202702
0 0.957320 0.500060 0.061428 0.198977