0 0.073986 0.576568 0.087954 0.226092
0 0.156022 0.585160 0.087944 0.216394
0 0.494174 0.589616 0.058130 0.153691
0 0.397765 0.595289 0.030869 0.121084
0 0.546191 0.597498 0.054498 0.133817
0 0.737024 0.585123 0.045914 0.135707
0 0.028203 0.577258 0.054583 0.186954
0 0.424991 0.593993 0.036559 0.119561
0 0.280336 0.605444 0.023493 0.064868
0 0.787460 0.567944 0.042456 0.137702
0 0.689684 0.587224 0.050521 0.133969
0 0.319412 0.604179 0.025817 0.067258
0 0.629715 0.589732 0.047660 0.124713
0 0.371139 0.601575 0.016440 0.073764
0 0.007457 0.587430 0.014834 0.142567