0 0.943129 0.627480 0.103308 0.296569
0 0.710262 0.592117 0.078725 0.228343
0 0.622000 0.571505 0.068590 0.231038
0 0.821526 0.596245 0.062795 0.251838
0 0.867926 0.624343 0.070735 0.254820
0 0.381896 0.551264 0.035731 0.122461
0 0.450170 0.548322 0.057960 0.176208
0 0.249234 0.521104 0.031605 0.104166
0 0.098597 0.511173 0.027398 0.085741
0 0.070223 0.507106 0.027794 0.085122
0 0.222567 0.525990 0.030486 0.090025
0 0.558453 0.557690 0.064137 0.194780
0 0.135369 0.515556 0.028682 0.076804
0 0.305466 0.529974 0.029933 0.108321
0 0.520510 0.547524 0.046892 0.195584
0 0.350685 0.543578 0.047644 0.129647
0 0.280972 0.521988 0.037491 0.115598
0 0.324741 0.538443 0.025269 0.119693
0 0.662761 0.570610 0.039695 0.204049