0 0.411034 0.728814 0.038729 0.102709
0 0.660098 0.721142 0.055893 0.118087
0 0.136275 0.719095 0.048743 0.114600
0 0.346698 0.728228 0.036608 0.106290
0 0.892909 0.696353 0.032390 0.091575
0 0.166067 0.721904 0.035229 0.107818
0 0.377591 0.728861 0.032502 0.102753
0 0.715767 0.702311 0.026655 0.079220
0 0.485086 0.715540 0.029665 0.096810
0 0.452524 0.727485 0.046534 0.107814
0 0.843260 0.689201 0.022016 0.061816
0 0.232136 0.691903 0.016544 0.066770
0 0.624643 0.701885 0.026837 0.077163
0 0.572305 0.697638 0.024117 0.056913
0 0.761163 0.703365 0.023709 0.077325