0 0.827644 0.606931 0.149649 0.446517
0 0.292206 0.679736 0.102810 0.351995
0 0.716822 0.597257 0.125744 0.398646
0 0.440528 0.455904 0.140500 0.125335
0 0.306393 0.487666 0.114274 0.162291
0 0.414786 0.697826 0.110265 0.311932
0 0.233246 0.663654 0.068080 0.301399
0 0.520593 0.654940 0.087030 0.323619
0 0.642614 0.606341 0.074084 0.249016
0 0.373280 0.651800 0.081220 0.330513
0 0.573849 0.523229 0.076759 0.101045
0 0.581910 0.654205 0.065497 0.283735
0 0.463524 0.644426 0.086740 0.336265
0 0.484372 0.510909 0.047048 0.081126