0 0.690246 0.574206 0.126402 0.309305
0 0.414761 0.606529 0.129012 0.443921
0 0.104726 0.496972 0.092573 0.227473
0 0.801420 0.609055 0.126911 0.437283
0 0.573825 0.532996 0.074836 0.220229
0 0.493338 0.605092 0.073501 0.344395
0 0.240024 0.539748 0.106972 0.165043
0 0.913826 0.604285 0.169224 0.411445
0 0.901264 0.448467 0.071447 0.112716
0 0.169524 0.570585 0.152804 0.239546
0 0.295172 0.538012 0.067310 0.157566
0 0.640246 0.517883 0.060755 0.174302
0 0.013434 0.542522 0.026611 0.210704
0 0.607740 0.522734 0.040987 0.181151