0 0.581385 0.714277 0.101392 0.307962
0 0.697786 0.702590 0.095161 0.333806
0 0.113969 0.707924 0.103917 0.325392
0 0.225957 0.708264 0.102469 0.325791
0 0.929762 0.692746 0.091163 0.313103
0 0.033613 0.687352 0.067226 0.278456
0 0.823555 0.692282 0.102513 0.293986
0 0.452374 0.698874 0.111521 0.341793
0 0.643487 0.668219 0.074533 0.279492
0 0.297992 0.669404 0.057979 0.216518
0 0.381045 0.661496 0.056794 0.239567
0 0.886956 0.604153 0.041426 0.183064
0 0.336057 0.651554 0.053592 0.165567
0 0.850355 0.573999 0.033543 0.052416