0 0.179426 0.683299 0.077677 0.195807
0 0.140001 0.672172 0.071226 0.197657
0 0.311177 0.629719 0.036585 0.102175
0 0.345978 0.644140 0.039400 0.077436
0 0.527194 0.598662 0.029338 0.066392
0 0.701307 0.588423 0.022634 0.054602
0 0.683852 0.587300 0.014329 0.048349
0 0.380528 0.638711 0.038544 0.076747
0 0.732857 0.586549 0.020979 0.044443
0 0.815478 0.580346 0.012598 0.042063
0 0.907788 0.575449 0.016090 0.037819
0 0.829800 0.578134 0.016417 0.045963
0 0.273307 0.632354 0.029127 0.065308
0 0.272237 0.592441 0.032019 0.036289