0 0.387319 0.562455 0.119027 0.308757
0 0.833064 0.705394 0.241857 0.249291
0 0.609384 0.684106 0.141138 0.283147
0 0.176821 0.534410 0.067139 0.232774
0 0.911234 0.645573 0.135590 0.173550
0 0.678797 0.570456 0.104617 0.127797
0 0.529021 0.624182 0.108155 0.339269
0 0.234540 0.473184 0.040153 0.129404
0 0.598052 0.513983 0.064408 0.100963
0 0.331411 0.446154 0.025064 0.070131
0 0.088192 0.480045 0.035475 0.063763
0 0.552647 0.438871 0.046720 0.062690
0 0.968015 0.497878 0.060282 0.123242
0 0.650747 0.442492 0.035957 0.063203