0 0.925151 0.544313 0.146572 0.461828
0 0.168792 0.587027 0.183781 0.379435
0 0.412952 0.550824 0.101843 0.260743
0 0.539484 0.516659 0.103675 0.257536
0 0.764273 0.513252 0.084806 0.211780
0 0.834151 0.546354 0.074532 0.230699
0 0.720031 0.479443 0.039235 0.169896
0 0.312095 0.486685 0.058125 0.161446
0 0.384476 0.472833 0.071704 0.209968
0 0.031827 0.492416 0.063654 0.200686
0 0.268982 0.538333 0.074579 0.228317
0 0.484598 0.470459 0.051183 0.130304
0 0.018685 0.638444 0.037056 0.279226
0 0.431126 0.429318 0.045790 0.094654
0 0.220066 0.420186 0.047572 0.058199
0 0.101097 0.436761 0.054758 0.096600